
POP-C++: mainpopc has started with 1 tasks.
Initializing arrays...

Parameters are:
Matrix Size=720, Blocs (lines=1, columns=1), Workers=1, Cores=4

POP-C++: Starting standard Matrix multiplication program...

Times (init, send and computing) = 0.187, 0.192, 2.49 sec

...End of matrix multiplication

A[720x720]:
  13.0   23.3    7.7   11.7   21.0   18.1   19.7   19.1 ..   16.3
   0.9   23.1   28.3   15.3   25.4   24.0   25.3    8.9 ..    0.7
  25.9   17.7   13.4   18.4    4.7    4.1   28.1   15.1 ..    3.0
  27.1   15.0    9.7    6.7   16.0   17.6    2.6    2.7 ..   25.7
  10.6    0.0    6.7    5.9   20.6    6.9   12.0   14.7 ..   21.3
  26.6    9.7    4.9   18.4   11.7   11.9   18.4   21.7 ..   20.1
   2.1   18.0    8.9   25.0   19.6   14.6    1.3   22.6 ..   25.3
  28.4    8.7   28.0   13.1   16.9   25.4   18.4    8.9 ..    7.7
    ...  ...  ...
  14.1    8.7   24.4    8.9   26.3   24.6   14.4   23.3 ..   19.9
-----------------------
B[720x720]:
  13.0    0.9   25.9   27.1   10.6   26.6    2.1   28.4 ..   14.1
  23.3   23.1   17.7   15.0    0.0    9.7   18.0    8.7 ..    8.7
   7.7   28.3   13.4    9.7    6.7    4.9    8.9   28.0 ..   24.4
  11.7   15.3   18.4    6.7    5.9   18.4   25.0   13.1 ..    8.9
  21.0   25.4    4.7   16.0   20.6   11.7   19.6   16.9 ..   26.3
  18.1   24.0    4.1   17.6    6.9   11.9   14.6   25.4 ..   24.6
  19.7   25.3   28.1    2.6   12.0   18.4    1.3   18.4 ..   14.4
  19.1    8.9   15.1    2.7   14.7   21.7   22.6    8.9 ..   23.3
    ...  ...  ...
  16.3    0.7    3.0   25.7   21.3   20.1   25.3    7.7 ..   19.9
-----------------------
C[720x720]=A*B:
198764.7 146398.6 152574.2 149548.6 146049.8 143789.6 147799.0 150007.0 .. 150325.1
146398.6 191806.6 151817.2 143343.8 142512.8 139179.9 143910.9 147026.9 .. 144136.6
152574.2 151817.2 203303.3 147671.4 148739.1 146204.4 149719.0 156576.8 .. 150638.8
149548.6 143343.8 147671.4 193203.0 145518.0 138820.5 144571.6 148126.8 .. 144654.2
146049.8 142512.8 148739.1 145518.0 192678.7 140503.8 142553.6 149199.2 .. 146512.9
143789.6 139179.9 146204.4 138820.5 140503.8 185357.9 142073.5 146726.2 .. 142221.5
147799.0 143910.9 149719.0 144571.6 142553.6 142073.5 192959.5 148822.3 .. 146258.3
150007.0 147026.9 156576.8 148126.8 149199.2 146726.2 148822.3 205037.4 .. 153342.3
    ...  ...  ...
150325.1 144136.6 150638.8 144654.2 146512.9 142221.5 146258.3 153342.3 .. 197934.9
-----------------------

POP-C++: mainpopc has started with 1 tasks.
Initializing arrays...

Parameters are:
Matrix Size=720, Blocs (lines=1, columns=1), Workers=1, Cores=4

POP-C++: Starting standard Matrix multiplication program...

Times (init, send and computing) = 0.256, 0.0519, 2.03 sec

...End of matrix multiplication

A[720x720]:
   4.0   14.7   20.4   19.3   19.3   20.6   21.3   18.0 ..    5.6
   1.1   28.1   23.9    9.4   18.6    8.4   12.3   17.1 ..    7.7
   3.6   17.0   27.0    6.4    6.1   13.0    2.7    3.0 ..   18.9
  17.7    6.6   26.4   22.9   22.0   20.7    1.3   21.7 ..   24.4
  27.1    7.0    5.1   28.4   28.4   22.6   19.9    6.7 ..   16.1
  16.4   20.7   18.0   18.1   12.0    9.3   24.3   19.4 ..   14.9
  15.4   18.6   19.1    9.1    2.1   17.7   15.6   14.9 ..   24.9
  12.1    7.1    3.0   15.7   26.0    9.4    5.4   20.3 ..   19.7
    ...  ...  ...
  11.4   18.4    9.6   17.1    9.1    5.1   22.7   22.0 ..   27.7
-----------------------
B[720x720]:
   4.0    1.1    3.6   17.7   27.1   16.4   15.4   12.1 ..   11.4
  14.7   28.1   17.0    6.6    7.0   20.7   18.6    7.1 ..   18.4
  20.4   23.9   27.0   26.4    5.1   18.0   19.1    3.0 ..    9.6
  19.3    9.4    6.4   22.9   28.4   18.1    9.1   15.7 ..   17.1
  19.3   18.6    6.1   22.0   28.4   12.0    2.1   26.0 ..    9.1
  20.6    8.4   13.0   20.7   22.6    9.3   17.7    9.4 ..    5.1
  21.3   12.3    2.7    1.3   19.9   24.3   15.6    5.4 ..   22.7
  18.0   17.1    3.0   21.7    6.7   19.4   14.9   20.3 ..   22.0
    ...  ...  ...
   5.6    7.7   18.9   24.4   16.1   14.9   24.9   19.7 ..   27.7
-----------------------
C[720x720]=A*B:
190349.5 139942.5 145203.0 135514.8 146198.6 138009.2 146051.4 152119.8 .. 145704.1
139942.5 183477.7 135493.0 136424.6 146344.6 135347.6 142353.8 143862.6 .. 141464.9
145203.0 135493.0 189884.7 143213.7 148127.1 138141.6 145803.4 148991.6 .. 144749.0
135514.8 136424.6 143213.7 183896.9 145618.8 136824.5 144204.6 144665.7 .. 140379.5
146198.6 146344.6 148127.1 145618.8 205802.6 147140.0 155403.7 156694.6 .. 150510.2
138009.2 135347.6 138141.6 136824.5 147140.0 183339.6 139632.3 145896.2 .. 143510.5
146051.4 142353.8 145803.4 144204.6 155403.7 139632.3 201418.8 153798.2 .. 151675.8
152119.8 143862.6 148991.6 144665.7 156694.6 145896.2 153798.2 206174.8 .. 153352.7
    ...  ...  ...
145704.1 141464.9 144749.0 140379.5 150510.2 143510.5 151675.8 153352.7 .. 196057.8
-----------------------

POP-C++: mainpopc has started with 1 tasks.
Initializing arrays...

Parameters are:
Matrix Size=720, Blocs (lines=1, columns=1), Workers=1, Cores=4

POP-C++: Starting standard Matrix multiplication program...

Times (init, send and computing) = 0.154, 0.0559, 2.79 sec

...End of matrix multiplication

A[720x720]:
  17.9   22.0   16.7   26.0    8.3   17.6   18.7   11.4 ..    5.0
   6.9   20.1   13.4   10.3    3.1    9.1    3.0   19.6 ..   16.7
   7.7   11.9    0.3   22.0   22.6   19.9   11.0    1.1 ..   20.3
  20.3   20.6   15.6    7.7    4.9    0.7   12.9   12.6 ..    8.0
  24.6    4.6    4.9    0.6   27.9   15.9   13.9   19.6 ..    7.9
  17.9   27.7    2.6    2.3    1.9    5.9   24.3   18.3 ..   12.1
   1.1   23.6   13.0   11.6   16.1   17.1   16.1    8.7 ..    1.7
   7.4   26.9   23.0   19.9    6.3   25.9   17.1   17.0 ..   19.3
    ...  ...  ...
   2.1   20.7   15.7    6.3   10.7    1.4   28.4   18.4 ..   18.7
-----------------------
B[720x720]:
  17.9    6.9    7.7   20.3   24.6   17.9    1.1    7.4 ..    2.1
  22.0   20.1   11.9   20.6    4.6   27.7   23.6   26.9 ..   20.7
  16.7   13.4    0.3   15.6    4.9    2.6   13.0   23.0 ..   15.7
  26.0   10.3   22.0    7.7    0.6    2.3   11.6   19.9 ..    6.3
   8.3    3.1   22.6    4.9   27.9    1.9   16.1    6.3 ..   10.7
  17.6    9.1   19.9    0.7   15.9    5.9   17.1   25.9 ..    1.4
  18.7    3.0   11.0   12.9   13.9   24.3   16.1   17.1 ..   28.4
  11.4   19.6    1.1   12.6   19.6   18.3    8.7   17.0 ..   18.4
    ...  ...  ...
   5.0   16.7   20.3    8.0    7.9   12.1    1.7   19.3 ..   18.7
-----------------------
C[720x720]=A*B:
201587.2 146316.6 148094.1 146535.7 154780.4 151432.4 147885.4 149637.8 .. 150684.4
146316.6 189101.1 138385.4 138349.6 144602.7 146710.5 144704.3 142947.9 .. 144112.8
148094.1 138385.4 187831.3 141070.2 143845.8 143494.6 143061.5 140779.5 .. 143863.0
146535.7 138349.6 141070.2 188498.0 146259.4 147059.8 142247.9 144652.9 .. 144565.5
154780.4 144602.7 143845.8 146259.4 200966.0 150320.2 149379.0 148957.3 .. 150232.4
151432.4 146710.5 143494.6 147059.8 150320.2 200544.9 147172.0 148905.4 .. 145565.1
147885.4 144704.3 143061.5 142247.9 149379.0 147172.0 190355.6 145422.7 .. 144529.4
149637.8 142947.9 140779.5 144652.9 148957.3 148905.4 145422.7 197822.0 .. 151101.1
    ...  ...  ...
150684.4 144112.8 143863.0 144565.5 150232.4 145565.1 144529.4 151101.1 .. 199537.5
-----------------------

POP-C++: mainpopc has started with 1 tasks.
Initializing arrays...

Parameters are:
Matrix Size=720, Blocs (lines=1, columns=1), Workers=1, Cores=4

POP-C++: Starting standard Matrix multiplication program...

Times (init, send and computing) = 0.224, 0.185, 2.87 sec

...End of matrix multiplication

A[720x720]:
  27.3    8.1    7.6   18.4   13.4   10.4   19.0    8.1 ..    7.3
   6.1   12.3   13.9   19.0   15.7   17.6   25.9   22.4 ..    8.3
  16.4   15.9   10.3   22.6    1.0    4.9    2.9   12.6 ..   28.4
   8.7   14.0   11.9   14.0   10.0    5.3   12.9   11.6 ..    8.7
   0.1    0.3   27.4   13.9    9.3   20.0   14.3   14.7 ..   17.0
  13.9   14.3    3.3   23.0   17.1    0.0   15.9    5.9 ..   19.0
   4.1   25.4    2.7   12.4    7.9    3.0    6.6   27.9 ..   16.4
  23.9   24.9    3.6    2.1   11.7   17.3   14.4   13.4 ..   27.6
    ...  ...  ...
  18.9   14.9   20.9    0.7    4.0   25.1   22.6   12.9 ..   26.1
-----------------------
B[720x720]:
  27.3    6.1   16.4    8.7    0.1   13.9    4.1   23.9 ..   18.9
   8.1   12.3   15.9   14.0    0.3   14.3   25.4   24.9 ..   14.9
   7.6   13.9   10.3   11.9   27.4    3.3    2.7    3.6 ..   20.9
  18.4   19.0   22.6   14.0   13.9   23.0   12.4    2.1 ..    0.7
  13.4   15.7    1.0   10.0    9.3   17.1    7.9   11.7 ..    4.0
  10.4   17.6    4.9    5.3   20.0    0.0    3.0   17.3 ..   25.1
  19.0   25.9    2.9   12.9   14.3   15.9    6.6   14.4 ..   22.6
   8.1   22.4   12.6   11.6   14.7    5.9   27.9   13.4 ..   12.9
    ...  ...  ...
   7.3    8.3   28.4    8.7   17.0   19.0   16.4   27.6 ..   26.1
-----------------------
C[720x720]=A*B:
194086.3 145255.6 148448.8 147228.1 146509.9 149311.4 147750.4 148712.0 .. 142900.4
145255.6 191748.7 148855.4 151105.4 143850.7 146231.8 147320.6 145644.2 .. 144570.3
148448.8 148855.4 206394.5 149834.7 150270.7 154341.2 148793.5 153719.7 .. 149691.4
147228.1 151105.4 149834.7 199878.4 146985.0 150776.7 149848.4 147872.3 .. 145448.3
146509.9 143850.7 150270.7 146985.0 195179.2 146563.2 146533.4 145572.3 .. 145736.5
149311.4 146231.8 154341.2 150776.7 146563.2 198884.2 146787.3 145584.0 .. 146151.2
147750.4 147320.6 148793.5 149848.4 146533.4 146787.3 196062.4 148942.9 .. 142028.2
148712.0 145644.2 153719.7 147872.3 145572.3 145584.0 148942.9 195953.3 .. 146634.0
    ...  ...  ...
142900.4 144570.3 149691.4 145448.3 145736.5 146151.2 142028.2 146634.0 .. 190326.3
-----------------------

POP-C++: mainpopc has started with 1 tasks.
Initializing arrays...

Parameters are:
Matrix Size=720, Blocs (lines=1, columns=1), Workers=1, Cores=4

POP-C++: Starting standard Matrix multiplication program...

Times (init, send and computing) = 0.32, 0.132, 2.93 sec

...End of matrix multiplication

A[720x720]:
  10.7    1.3   21.6   10.3   10.9   21.9    1.7   11.0 ..   16.6
  19.1    1.1    7.4    8.4   19.3   11.9   14.0   10.6 ..   24.1
  15.4   16.0   27.7   15.7    9.1   15.3   18.9   14.0 ..   14.3
  20.3   23.6   14.0   13.6    5.3   16.7   20.7   12.6 ..   21.7
  27.7    5.7   23.4   14.4   22.3   27.3   23.9    7.3 ..   15.4
  11.3   11.7   22.6   11.9   19.3   27.9   26.4   14.9 ..   27.4
   2.6    0.4   11.4    5.0   17.6   21.6   14.0   11.1 ..   16.6
  17.0    1.6   19.1    7.0    6.7   19.7   12.1    3.0 ..   20.1
    ...  ...  ...
  27.6   11.9    9.6   13.6    5.4    1.6   21.0    9.6 ..   12.3
-----------------------
B[720x720]:
  10.7   19.1   15.4   20.3   27.7   11.3    2.6   17.0 ..   27.6
   1.3    1.1   16.0   23.6    5.7   11.7    0.4    1.6 ..   11.9
  21.6    7.4   27.7   14.0   23.4   22.6   11.4   19.1 ..    9.6
  10.3    8.4   15.7   13.6   14.4   11.9    5.0    7.0 ..   13.6
  10.9   19.3    9.1    5.3   22.3   19.3   17.6    6.7 ..    5.4
  21.9   11.9   15.3   16.7   27.3   27.9   21.6   19.7 ..    1.6
   1.7   14.0   18.9   20.7   23.9   26.4   14.0   12.1 ..   21.0
  11.0   10.6   14.0   12.6    7.3   14.9   11.1    3.0 ..    9.6
    ...  ...  ...
  16.6   24.1   14.3   21.7   15.4   27.4   16.6   20.1 ..   12.3
-----------------------
C[720x720]=A*B:
201215.1 150116.1 147009.5 152387.4 146738.0 150745.2 148933.6 150041.3 .. 144365.8
150116.1 195561.5 147883.4 151417.4 145394.0 151268.6 148173.9 152810.6 .. 145945.2
147009.5 147883.4 189711.2 147563.5 143294.7 147539.8 146200.8 146521.7 .. 141607.2
152387.4 151417.4 147563.5 201214.4 148297.9 149267.3 149284.0 150807.8 .. 144823.0
146738.0 145394.0 143294.7 148297.9 192687.5 150616.3 145935.9 149036.9 .. 143598.8
150745.2 151268.6 147539.8 149267.3 150616.3 196037.8 147156.1 151206.3 .. 143471.8
148933.6 148173.9 146200.8 149284.0 145935.9 147156.1 191284.2 148337.7 .. 142072.1
150041.3 152810.6 146521.7 150807.8 149036.9 151206.3 148337.7 199534.1 .. 141530.4
    ...  ...  ...
144365.8 145945.2 141607.2 144823.0 143598.8 143471.8 142072.1 141530.4 .. 188262.9
-----------------------

POP-C++: mainpopc has started with 1 tasks.
Initializing arrays...

Parameters are:
Matrix Size=1620, Blocs (lines=1, columns=1), Workers=1, Cores=4

POP-C++: Starting standard Matrix multiplication program...

Times (init, send and computing) = 0.168, 0.895, 31.5 sec

...End of matrix multiplication

A[1620x1620]:
  20.3   24.4    5.1   12.9   27.4   19.6    7.7   15.1 ..   18.1
  20.9    4.0   26.0   10.0   17.4    7.1    2.0    5.3 ..   25.9
   2.4    2.0    6.7   20.0   24.3   15.4   25.3   19.1 ..   14.3
  16.4    8.3   14.9   12.0   20.4   17.3    0.6    3.7 ..   17.7
   6.6    9.7   14.9   13.4   20.4   14.7   15.6   27.3 ..   20.4
  22.9   18.6   21.0    7.3    7.1   12.7    7.0   24.7 ..    9.7
  11.0    4.7   13.3   15.7    4.0    3.1    1.7   16.3 ..   19.1
  21.4   13.1    0.6    6.0   20.0    7.0   21.4    2.1 ..   26.1
    ...  ...  ...
   0.3   28.4   12.7   11.6    5.4    4.9   20.3    1.7 ..    3.3
-----------------------
B[1620x1620]:
  20.3   20.9    2.4   16.4    6.6   22.9   11.0   21.4 ..    0.3
  24.4    4.0    2.0    8.3    9.7   18.6    4.7   13.1 ..   28.4
   5.1   26.0    6.7   14.9   14.9   21.0   13.3    0.6 ..   12.7
  12.9   10.0   20.0   12.0   13.4    7.3   15.7    6.0 ..   11.6
  27.4   17.4   24.3   20.4   20.4    7.1    4.0   20.0 ..    5.4
  19.6    7.1   15.4   17.3   14.7   12.7    3.1    7.0 ..    4.9
   7.7    2.0   25.3    0.6   15.6    7.0    1.7   21.4 ..   20.3
  15.1    5.3   19.1    3.7   27.3   24.7   16.3    2.1 ..    1.7
    ...  ...  ...
  18.1   25.9   14.3   17.7   20.4    9.7   19.1   26.1 ..    3.3
-----------------------
C[1620x1620]=A*B:
439086.0 331801.7 331430.7 330111.3 327075.3 328216.5 323847.2 331539.9 .. 339105.9
331801.7 435671.7 330003.8 329081.3 325158.3 322359.8 316272.0 322104.2 .. 333593.4
331430.7 330003.8 447305.3 332496.5 329385.4 331504.9 330808.8 326752.4 .. 335576.2
330111.3 329081.3 332496.5 445827.5 327041.8 327670.1 324320.3 325226.6 .. 339179.3
327075.3 325158.3 329385.4 327041.8 433181.5 322233.0 321631.0 324693.0 .. 332039.6
328216.5 322359.8 331504.9 327670.1 322233.0 427929.2 321161.6 322386.4 .. 335008.5
323847.2 316272.0 330808.8 324320.3 321631.0 321161.6 437518.7 320810.6 .. 333798.7
331539.9 322104.2 326752.4 325226.6 324693.0 322386.4 320810.6 430893.1 .. 335252.9
    ...  ...  ...
339105.9 333593.4 335576.2 339179.3 332039.6 335008.5 333798.7 335252.9 .. 451529.2
-----------------------

POP-C++: mainpopc has started with 1 tasks.
Initializing arrays...

Parameters are:
Matrix Size=1620, Blocs (lines=1, columns=1), Workers=1, Cores=4

POP-C++: Starting standard Matrix multiplication program...

Times (init, send and computing) = 0.163, 0.304, 28.1 sec

...End of matrix multiplication

A[1620x1620]:
  15.0    8.0   19.3    5.6   15.7   28.4   17.0   18.9 ..   16.3
   1.0   10.0   12.9    9.6   17.1   15.0   11.9   12.6 ..   26.9
  19.0    6.3   17.4   11.6   24.1    4.4   19.9    6.1 ..   13.4
  19.3   21.3    8.7   12.0   10.7    9.3   25.9   13.4 ..   17.7
   7.1   27.0   15.3   24.1   24.4    2.7   27.0    6.6 ..   11.9
   3.4   15.1    7.7   25.0   10.0    4.9   12.4    3.3 ..    0.7
  20.4   14.3   28.4   24.3    4.4    0.7   28.4   16.6 ..   11.1
  28.4   21.7   23.0    0.7    1.9   16.0   28.0   24.1 ..   14.7
    ...  ...  ...
  10.3   24.4   26.6    7.9   19.3   18.1   25.9   28.0 ..   21.0
-----------------------
B[1620x1620]:
  15.0    1.0   19.0   19.3    7.1    3.4   20.4   28.4 ..   10.3
   8.0   10.0    6.3   21.3   27.0   15.1   14.3   21.7 ..   24.4
  19.3   12.9   17.4    8.7   15.3    7.7   28.4   23.0 ..   26.6
   5.6    9.6   11.6   12.0   24.1   25.0   24.3    0.7 ..    7.9
  15.7   17.1   24.1   10.7   24.4   10.0    4.4    1.9 ..   19.3
  28.4   15.0    4.4    9.3    2.7    4.9    0.7   16.0 ..   18.1
  17.0   11.9   19.9   25.9   27.0   12.4   28.4   28.0 ..   25.9
  18.9   12.6    6.1   13.4    6.6    3.3   16.6   24.1 ..   28.0
    ...  ...  ...
  16.3   26.9   13.4   17.7   11.9    0.7   11.1   14.7 ..   21.0
-----------------------
C[1620x1620]=A*B:
444927.4 335228.0 323192.2 328396.0 330245.6 330093.7 335754.5 326629.0 .. 331781.4
335228.0 450692.3 326095.0 328167.3 335194.2 332714.3 333557.1 328161.3 .. 336164.3
323192.2 326095.0 420848.8 314003.4 322477.5 325780.9 320169.5 314013.0 .. 322185.8
328396.0 328167.3 314003.4 429760.1 327188.2 322698.5 327948.9 313744.2 .. 328099.4
330245.6 335194.2 322477.5 327188.2 439884.0 329939.8 329157.7 324228.7 .. 326717.2
330093.7 332714.3 325780.9 322698.5 329939.8 440741.5 328372.6 322014.4 .. 328145.3
335754.5 333557.1 320169.5 327948.9 329157.7 328372.6 443036.7 321531.6 .. 324211.8
326629.0 328161.3 314013.0 313744.2 324228.7 322014.4 321531.6 427818.4 .. 326188.2
    ...  ...  ...
331781.4 336164.3 322185.8 328099.4 326717.2 328145.3 324211.8 326188.2 .. 438709.7
-----------------------

POP-C++: mainpopc has started with 1 tasks.
Initializing arrays...

Parameters are:
Matrix Size=1620, Blocs (lines=1, columns=1), Workers=1, Cores=4

POP-C++: Starting standard Matrix multiplication program...

Times (init, send and computing) = 0.211, 0.45, 28 sec

...End of matrix multiplication

A[1620x1620]:
   5.1   25.3    7.6   20.3    0.0   23.9   23.4   21.3 ..    2.0
   2.7   22.9    3.7    6.4    9.9    9.3    2.1   23.1 ..    6.9
  24.9    3.1   12.9   23.6   11.9   10.7   22.1   13.4 ..   12.6
  26.6   20.9    7.9    0.0   14.1    2.0   24.3    4.9 ..    8.1
  11.1   27.7   13.3   13.6   18.3   24.1   25.0   13.0 ..    2.0
  22.7   23.0   24.1    5.3   17.3    1.4   21.1    2.3 ..   15.4
  19.3    2.4    3.0    1.4   28.3   14.9   15.6    9.3 ..    9.0
   1.3   24.9   19.4   10.1   26.3   19.9    4.4    4.6 ..    8.6
    ...  ...  ...
   7.6    4.4   12.9   19.3    0.7    4.0   11.1   25.6 ..    5.1
-----------------------
B[1620x1620]:
   5.1    2.7   24.9   26.6   11.1   22.7   19.3    1.3 ..    7.6
  25.3   22.9    3.1   20.9   27.7   23.0    2.4   24.9 ..    4.4
   7.6    3.7   12.9    7.9   13.3   24.1    3.0   19.4 ..   12.9
  20.3    6.4   23.6    0.0   13.6    5.3    1.4   10.1 ..   19.3
   0.0    9.9   11.9   14.1   18.3   17.3   28.3   26.3 ..    0.7
  23.9    9.3   10.7    2.0   24.1    1.4   14.9   19.9 ..    4.0
  23.4    2.1   22.1   24.3   25.0   21.1   15.6    4.4 ..   11.1
  21.3   23.1   13.4    4.9   13.0    2.3    9.3    4.6 ..   25.6
    ...  ...  ...
   2.0    6.9   12.6    8.1    2.0   15.4    9.0    8.6 ..    5.1
-----------------------
C[1620x1620]=A*B:
437691.6 335551.0 330662.1 329246.8 326228.0 325120.8 330720.8 330551.8 .. 330939.0
335551.0 449946.7 330656.2 334937.8 332019.3 335636.5 328164.8 337979.7 .. 337862.4
330662.1 330656.2 438290.3 333577.7 321850.3 331871.8 324311.8 332995.1 .. 326951.7
329246.8 334937.8 333577.7 441974.4 324890.0 329623.1 328119.2 332151.6 .. 330191.5
326228.0 332019.3 321850.3 324890.0 431830.5 321759.5 325248.9 329724.1 .. 332308.3
325120.8 335636.5 331871.8 329623.1 321759.5 440643.9 328622.3 328094.0 .. 330897.0
330720.8 328164.8 324311.8 328119.2 325248.9 328622.3 438006.7 331139.2 .. 329308.3
330551.8 337979.7 332995.1 332151.6 329724.1 328094.0 331139.2 446251.1 .. 332387.1
    ...  ...  ...
330939.0 337862.4 326951.7 330191.5 332308.3 330897.0 329308.3 332387.1 .. 445740.1
-----------------------

POP-C++: mainpopc has started with 1 tasks.
Initializing arrays...

Parameters are:
Matrix Size=1620, Blocs (lines=1, columns=1), Workers=1, Cores=4

POP-C++: Starting standard Matrix multiplication program...

Times (init, send and computing) = 0.19, 0.231, 28.6 sec

...End of matrix multiplication

A[1620x1620]:
  15.1   19.3    3.6   11.6   15.4   15.6    8.7   19.6 ..   20.4
  12.7   16.7    9.7   21.1   16.7   10.1    8.6   23.0 ..   25.4
  21.3   21.1   16.3    6.1    0.1   12.6   26.7   28.4 ..   20.9
   1.0    0.9   24.3   21.0   13.1   19.1    5.3   24.7 ..   24.3
  13.4    6.9   28.0    8.9    0.6    0.1    8.7   19.0 ..    3.3
   6.1   26.1   10.6    2.0    6.1    0.6   13.3   24.7 ..   11.9
  16.3    7.9    1.7    2.0   10.1   27.9   21.7   26.3 ..   25.4
   7.7   18.0   17.0   16.4    8.0   13.0    3.9   26.1 ..    3.1
    ...  ...  ...
  26.0   20.9   13.7    6.0    0.1    2.9   18.0   24.0 ..   28.3
-----------------------
B[1620x1620]:
  28.3    0.4   19.4    1.7   18.3   15.6    4.3   16.7 ..   28.0
  19.7    8.0    4.0   12.4    2.0   22.6    9.7   26.3 ..   23.7
   5.4    7.6   18.3    8.4   19.4   26.1   28.3   26.3 ..   22.7
   1.0    0.1    8.1   28.3    1.3    1.1   27.3   14.3 ..    5.0
  11.7   19.0   26.3   15.1    2.4   25.7    7.9   14.9 ..   11.3
   7.7    0.0   20.3    1.0   20.0    9.6   11.4   21.1 ..   10.9
  21.6   12.1   25.3   14.3    9.0   16.4   10.6    5.9 ..    7.7
  25.4   20.9    0.4   10.4   22.0   23.1    3.7   10.3 ..   10.1
    ...  ...  ...
   2.7   18.6    8.1   14.6   15.7   23.4    8.7   27.4 ..   17.1
-----------------------
C[1620x1620]=A*B:
332257.8 333273.5 329016.8 339172.1 326116.6 331781.1 326896.5 330398.8 .. 335308.1
340437.4 331407.6 327150.2 330969.7 331855.1 333802.9 326867.5 330397.2 .. 333420.5
336562.3 333411.7 333328.1 336842.3 333969.2 330086.8 326032.0 333199.3 .. 330156.5
321218.1 322647.9 315658.9 326583.6 316756.6 319068.0 316214.9 322193.0 .. 321927.9
329973.7 325128.0 319487.1 329379.9 326439.7 322129.8 321476.0 325016.2 .. 326781.1
320514.3 318485.1 316189.4 321666.2 323055.4 323055.9 320954.3 312812.9 .. 318821.7
327830.7 328411.4 321683.0 327193.7 322293.4 326830.0 324150.1 325971.3 .. 323926.2
336803.9 338551.4 332968.7 339233.7 330392.0 334911.0 330866.2 329845.7 .. 335387.4
    ...  ...  ...
336232.1 331267.4 333015.5 329173.2 327651.9 330033.0 327052.7 327657.9 .. 332869.3
-----------------------

POP-C++: mainpopc has started with 1 tasks.
Initializing arrays...

Parameters are:
Matrix Size=1620, Blocs (lines=1, columns=1), Workers=1, Cores=4

POP-C++: Starting standard Matrix multiplication program...

Times (init, send and computing) = 0.2, 0.185, 29 sec

...End of matrix multiplication

A[1620x1620]:
  10.1   17.9   14.4   20.3   13.0   17.7   15.3    9.1 ..   16.9
  11.3   12.4   12.7   13.3    5.7    6.6   20.0    6.6 ..   10.1
  18.7   19.7   17.6    9.1   21.6    7.7   23.4   19.9 ..   12.9
   8.1   16.6    9.9   23.9   21.9   18.0   25.4    2.0 ..   24.9
  12.3   17.7    3.9   10.0   22.0   27.3   16.6   13.9 ..    4.4
  18.1    6.6   13.9    6.9   25.4   28.1    1.0   20.9 ..   28.4
  20.9   22.1   14.0   16.0   22.3    3.0    1.9   23.9 ..   10.9
  26.0   17.4   25.0    5.6    9.1   24.9   10.6   13.7 ..   23.9
    ...  ...  ...
  17.4   17.0   20.7   15.9   23.4   23.9   20.1    7.0 ..   22.4
-----------------------
B[1620x1620]:
  10.1   11.3   18.7    8.1   12.3   18.1   20.9   26.0 ..   17.4
  17.9   12.4   19.7   16.6   17.7    6.6   22.1   17.4 ..   17.0
  14.4   12.7   17.6    9.9    3.9   13.9   14.0   25.0 ..   20.7
  20.3   13.3    9.1   23.9   10.0    6.9   16.0    5.6 ..   15.9
  13.0    5.7   21.6   21.9   22.0   25.4   22.3    9.1 ..   23.4
  17.7    6.6    7.7   18.0   27.3   28.1    3.0   24.9 ..   23.9
  15.3   20.0   23.4   25.4   16.6    1.0    1.9   10.6 ..   20.1
   9.1    6.6   19.9    2.0   13.9   20.9   23.9   13.7 ..    7.0
    ...  ...  ...
  16.9   10.1   12.9   24.9    4.4   28.4   10.9   23.9 ..   22.4
-----------------------
C[1620x1620]=A*B:
439516.6 327976.0 325391.4 326238.4 330626.3 326159.6 328888.2 330379.5 .. 320550.0
327976.0 434327.3 327864.1 324407.7 331531.7 327443.7 340823.5 329797.2 .. 318421.7
325391.4 327864.1 435895.2 319630.9 329662.1 330313.6 329713.0 330031.3 .. 318198.9
326238.4 324407.7 319630.9 431975.1 331358.9 326294.6 333719.7 328531.7 .. 317839.2
330626.3 331531.7 329662.1 331358.9 446130.8 331217.5 342495.4 333507.6 .. 327184.8
326159.6 327443.7 330313.6 326294.6 331217.5 441445.2 331725.4 335271.7 .. 319816.2
328888.2 340823.5 329713.0 333719.7 342495.4 331725.4 450753.5 335931.7 .. 323515.7
330379.5 329797.2 330031.3 328531.7 333507.6 335271.7 335931.7 437214.7 .. 320796.0
    ...  ...  ...
320550.0 318421.7 318198.9 317839.2 327184.8 319816.2 323515.7 320796.0 .. 420849.9
-----------------------

POP-C++: mainpopc has started with 1 tasks.
Initializing arrays...

Parameters are:
Matrix Size=2304, Blocs (lines=1, columns=1), Workers=1, Cores=4

POP-C++: Starting standard Matrix multiplication program...

Times (init, send and computing) = 0.159, 0.807, 82.6 sec

...End of matrix multiplication

A[2304x2304]:
  21.6   23.1   22.7   12.4   19.0    7.0    3.0   18.9 ..    3.4
   3.0   17.9    7.6   19.4   15.6    7.6   23.7    1.0 ..    6.4
  17.9   19.3   12.1   13.0   21.3    6.6   17.9   28.0 ..   15.0
  18.6    7.6   25.9   18.1    1.0    0.6   25.3   12.6 ..   11.1
  10.9   11.6   11.6   16.4   19.1    4.0    3.3   25.9 ..   23.4
   5.6   17.9   18.0   17.1   23.0    1.1    8.3   15.4 ..   11.7
  20.1    7.4   11.7    1.7   22.7    4.3   10.0   10.7 ..   20.0
   4.6   21.4   18.0   24.4   22.7   19.3    9.1   23.9 ..   25.7
    ...  ...  ...
  26.1    1.6   23.4   23.1    2.7   13.1    5.6   12.6 ..   10.6
-----------------------
B[2304x2304]:
  21.6    3.0   17.9   18.6   10.9    5.6   20.1    4.6 ..   26.1
  23.1   17.9   19.3    7.6   11.6   17.9    7.4   21.4 ..    1.6
  22.7    7.6   12.1   25.9   11.6   18.0   11.7   18.0 ..   23.4
  12.4   19.4   13.0   18.1   16.4   17.1    1.7   24.4 ..   23.1
  19.0   15.6   21.3    1.0   19.1   23.0   22.7   22.7 ..    2.7
   7.0    7.6    6.6    0.6    4.0    1.1    4.3   19.3 ..   13.1
   3.0   23.7   17.9   25.3    3.3    8.3   10.0    9.1 ..    5.6
  18.9    1.0   28.0   12.6   25.9   15.4   10.7   23.9 ..   12.6
    ...  ...  ...
   3.4    6.4   15.0   11.1   23.4   11.7   20.0   25.7 ..   10.6
-----------------------
C[2304x2304]=A*B:
638521.9 470175.3 467147.4 489209.0 473079.4 473888.8 473634.8 464170.6 .. 469976.8
470175.3 612508.0 450187.6 475470.6 455667.0 458634.7 464288.8 456467.2 .. 458146.9
467147.4 450187.6 598429.8 463299.7 458031.0 456342.9 462846.6 450256.8 .. 450366.2
489209.0 475470.6 463299.7 640105.8 477248.4 465806.9 473692.0 470295.3 .. 476913.7
473079.4 455667.0 458031.0 477248.4 620110.4 462019.4 464792.2 459208.0 .. 468363.8
473888.8 458634.7 456342.9 465806.9 462019.4 621002.2 466584.3 460249.1 .. 466971.1
473634.8 464288.8 462846.6 473692.0 464792.2 466584.3 623250.2 453663.1 .. 471041.3
464170.6 456467.2 450256.8 470295.3 459208.0 460249.1 453663.1 608304.9 .. 467098.2
    ...  ...  ...
469976.8 458146.9 450366.2 476913.7 468363.8 466971.1 471041.3 467098.2 .. 630359.9
-----------------------

POP-C++: mainpopc has started with 1 tasks.
Initializing arrays...

Parameters are:
Matrix Size=2304, Blocs (lines=1, columns=1), Workers=1, Cores=4

POP-C++: Starting standard Matrix multiplication program...

Times (init, send and computing) = 0.188, 0.468, 80.1 sec

...End of matrix multiplication

A[2304x2304]:
  12.4    9.7   10.7   18.0   14.1    1.0   17.4   21.3 ..   16.1
   1.1   19.4   23.1   27.3   18.3   10.1   28.3    9.1 ..   14.6
   1.3    4.1   21.0   16.0    1.6   22.6   24.3    8.7 ..    5.6
   5.1    5.3   27.9   13.0   12.4    4.3   20.4   17.0 ..   16.7
  10.9   24.4   12.7   11.1   18.4   26.0   25.0    6.4 ..    4.0
   5.9   21.4    9.4   17.3   10.3    2.9    9.4    9.4 ..   10.7
   6.7    6.6   22.4   21.1   27.4   19.3   13.6   11.6 ..   16.0
   2.4   23.7   10.9    1.1   18.3   12.7    8.0    1.3 ..    0.7
    ...  ...  ...
   7.9    0.6   18.1   27.9   23.4    1.9    8.3   26.3 ..    4.1
-----------------------
B[2304x2304]:
  12.4    1.1    1.3    5.1   10.9    5.9    6.7    2.4 ..    7.9
   9.7   19.4    4.1    5.3   24.4   21.4    6.6   23.7 ..    0.6
  10.7   23.1   21.0   27.9   12.7    9.4   22.4   10.9 ..   18.1
  18.0   27.3   16.0   13.0   11.1   17.3   21.1    1.1 ..   27.9
  14.1   18.3    1.6   12.4   18.4   10.3   27.4   18.3 ..   23.4
   1.0   10.1   22.6    4.3   26.0    2.9   19.3   12.7 ..    1.9
  17.4   28.3   24.3   20.4   25.0    9.4   13.6    8.0 ..    8.3
  21.3    9.1    8.7   17.0    6.4    9.4   11.6    1.3 ..   26.3
    ...  ...  ...
  16.1   14.6    5.6   16.7    4.0   10.7   16.0    0.7 ..    4.1
-----------------------
C[2304x2304]=A*B:
622911.4 470125.3 476090.2 461467.2 456468.5 458940.6 459371.8 467273.4 .. 470125.4
470125.3 632866.0 480391.8 469168.2 462363.0 467197.4 468061.3 474689.5 .. 475416.5
476090.2 480391.8 646346.6 472572.1 467419.3 470463.9 481039.7 473691.3 .. 485640.3
461467.2 469168.2 472572.1 622384.3 454859.8 464714.7 462801.7 468572.9 .. 473102.8
456468.5 462363.0 467419.3 454859.8 600219.2 452423.7 451938.1 456206.7 .. 462980.4
458940.6 467197.4 470463.9 464714.7 452423.7 610768.1 462493.7 464108.0 .. 467417.2
459371.8 468061.3 481039.7 462801.7 451938.1 462493.7 619408.0 467453.3 .. 474714.1
467273.4 474689.5 473691.3 468572.9 456206.7 464108.0 467453.3 626370.8 .. 475926.7
    ...  ...  ...
470125.4 475416.5 485640.3 473102.8 462980.4 467417.2 474714.1 475926.7 .. 634477.4
-----------------------

POP-C++: mainpopc has started with 1 tasks.
Initializing arrays...

Parameters are:
Matrix Size=2304, Blocs (lines=1, columns=1), Workers=1, Cores=4

POP-C++: Starting standard Matrix multiplication program...

Times (init, send and computing) = 0.176, 0.588, 82.7 sec

...End of matrix multiplication

A[2304x2304]:
  20.6    8.9    7.4    7.4   18.6   21.3   26.0   16.3 ..    9.9
  11.0   10.4   11.4   22.3    4.0   15.3   18.9   15.3 ..   27.4
   3.3   25.3   27.9    1.3   12.7   18.0   10.7    8.4 ..   22.9
  12.3   16.4    8.0   19.6    5.4    0.4   27.3    7.1 ..    6.4
  14.6   11.1    5.0    0.1   22.1   22.1   22.0   13.6 ..    6.3
  11.9    1.0   16.9   15.6   22.1    1.9    1.4   13.4 ..    3.3
   9.3   14.6    0.4   22.7   25.4   16.3    1.1   15.7 ..   21.3
  22.3   24.9   28.4   27.6   16.0   23.0   15.9   24.6 ..   27.0
    ...  ...  ...
   3.6    5.7    7.7   27.7   11.0   12.3   25.6   14.4 ..   16.6
-----------------------
B[2304x2304]:
  20.6   11.0    3.3   12.3   14.6   11.9    9.3   22.3 ..    3.6
   8.9   10.4   25.3   16.4   11.1    1.0   14.6   24.9 ..    5.7
   7.4   11.4   27.9    8.0    5.0   16.9    0.4   28.4 ..    7.7
   7.4   22.3    1.3   19.6    0.1   15.6   22.7   27.6 ..   27.7
  18.6    4.0   12.7    5.4   22.1   22.1   25.4   16.0 ..   11.0
  21.3   15.3   18.0    0.4   22.1    1.9   16.3   23.0 ..   12.3
  26.0   18.9   10.7   27.3   22.0    1.4    1.1   15.9 ..   25.6
  16.3   15.3    8.4    7.1   13.6   13.4   15.7   24.6 ..   14.4
    ...  ...  ...
   9.9   27.4   22.9    6.4    6.3    3.3   21.3   27.0 ..   16.6
-----------------------
C[2304x2304]=A*B:
638207.7 475592.5 469489.1 465283.3 469805.7 460441.3 472467.1 467516.0 .. 474587.4
475592.5 641235.5 477982.6 464530.5 473129.1 467510.4 477038.2 469058.2 .. 485512.0
469489.1 477982.6 639347.4 462014.2 471602.9 473212.9 484270.5 472027.7 .. 471827.6
465283.3 464530.5 462014.2 604905.4 455736.2 446986.8 462895.8 455202.4 .. 464230.7
469805.7 473129.1 471602.9 455736.2 621781.2 461992.1 469644.3 464814.0 .. 469566.6
460441.3 467510.4 473212.9 446986.8 461992.1 610173.0 461082.2 455487.0 .. 462589.7
472467.1 477038.2 484270.5 462895.8 469644.3 461082.2 635403.9 469689.6 .. 480272.3
467516.0 469058.2 472027.7 455202.4 464814.0 455487.0 469689.6 614719.8 .. 465551.8
    ...  ...  ...
474587.4 485512.0 471827.6 464230.7 469566.6 462589.7 480272.3 465551.8 .. 631320.4
-----------------------

POP-C++: mainpopc has started with 1 tasks.
Initializing arrays...

Parameters are:
Matrix Size=2304, Blocs (lines=1, columns=1), Workers=1, Cores=4

POP-C++: Starting standard Matrix multiplication program...

Times (init, send and computing) = 0.132, 0.512, 81.4 sec

...End of matrix multiplication

A[2304x2304]:
  20.0   10.6   21.6   28.1    6.1    4.9   16.7   13.1 ..    6.7
  18.4   11.1   26.4    0.6    8.1   27.9   18.9    2.4 ..   11.9
  14.1    2.4    6.3   26.9    2.1   26.0   19.7   26.6 ..    4.9
   8.9   25.0   14.7   12.6   12.6   22.0    2.3   26.4 ..   16.9
  16.7   14.7    9.0   13.1   22.3    3.6   18.0   27.4 ..    8.7
  20.1   15.9   24.9   17.3   17.4   16.0   10.4    0.1 ..   10.3
  14.6   25.3   27.1   20.0    0.4   17.1    7.0   15.7 ..   14.7
   8.3   12.6   14.0   25.7   14.3    9.4   18.7   19.4 ..   22.6
    ...  ...  ...
   8.9   12.0   27.0   23.4   18.3   21.6   22.3   23.0 ..   12.6
-----------------------
B[2304x2304]:
  20.0   18.4   14.1    8.9   16.7   20.1   14.6    8.3 ..    8.9
  10.6   11.1    2.4   25.0   14.7   15.9   25.3   12.6 ..   12.0
  21.6   26.4    6.3   14.7    9.0   24.9   27.1   14.0 ..   27.0
  28.1    0.6   26.9   12.6   13.1   17.3   20.0   25.7 ..   23.4
   6.1    8.1    2.1   12.6   22.3   17.4    0.4   14.3 ..   18.3
   4.9   27.9   26.0   22.0    3.6   16.0   17.1    9.4 ..   21.6
  16.7   18.9   19.7    2.3   18.0   10.4    7.0   18.7 ..   22.3
  13.1    2.4   26.6   26.4   27.4    0.1   15.7   19.4 ..   23.0
    ...  ...  ...
   6.7   11.9    4.9   16.9    8.7   10.3   14.7   22.6 ..   12.6
-----------------------
C[2304x2304]=A*B:
637192.4 466627.6 477054.9 483464.6 469667.2 471148.6 477595.3 481148.0 .. 474714.5
466627.6 607574.0 460863.0 471233.4 452609.8 451501.0 456227.1 463322.3 .. 458901.3
477054.9 460863.0 621613.8 473528.9 460351.1 466486.8 464088.0 475853.7 .. 462087.2
483464.6 471233.4 473528.9 638523.3 469755.1 467668.6 476661.0 479223.4 .. 479301.1
469667.2 452609.8 460351.1 469755.1 614934.2 451593.1 466733.8 474326.8 .. 457703.7
471148.6 451501.0 466486.8 467668.6 451593.1 613671.1 462416.8 469363.3 .. 459671.6
477595.3 456227.1 464088.0 476661.0 466733.8 462416.8 621849.4 474882.7 .. 464706.1
481148.0 463322.3 475853.7 479223.4 474326.8 469363.3 474882.7 638839.9 .. 473951.2
    ...  ...  ...
474714.5 458901.3 462087.2 479301.1 457703.7 459671.6 464706.1 473951.2 .. 622786.6
-----------------------

POP-C++: mainpopc has started with 1 tasks.
Initializing arrays...

Parameters are:
Matrix Size=2304, Blocs (lines=1, columns=1), Workers=1, Cores=4

POP-C++: Starting standard Matrix multiplication program...

Times (init, send and computing) = 0.168, 0.624, 161 sec

...End of matrix multiplication

A[2304x2304]:
   8.3   16.0   23.1   23.7   14.0   23.3   22.4    5.0 ..   18.1
  16.3   21.1   28.0    9.0    8.9   15.1    9.9    9.1 ..   14.3
   9.1    3.9   12.1    1.4   17.3    0.1   14.3    9.7 ..    0.3
  16.0   13.0    3.1   13.9   24.9    6.6   22.9   15.7 ..    9.7
   7.4   21.0    6.4   20.1   19.0   26.7   13.0   20.3 ..   20.4
  13.9    2.6   11.6   18.1    7.7    7.3    5.4   15.7 ..   26.7
   3.9   20.6   22.3    7.3    8.9    6.7   23.6   16.6 ..   15.1
  15.1   19.0   10.0    9.7   14.3   11.7    8.9   14.4 ..   21.1
    ...  ...  ...
   2.9   23.0   28.3   13.6   22.0    4.1    6.6    4.1 ..   24.9
-----------------------
B[2304x2304]:
  17.3   10.9   18.1   15.4   16.6   22.4    5.9   27.9 ..   18.1
  27.9    3.4   25.7   15.0    8.0   19.6    8.1   11.4 ..   11.1
  26.3   20.0    7.3   20.1    3.9    4.3   28.0   14.6 ..   24.9
  13.6   15.7   18.3    0.0   19.4    5.1   23.7   11.6 ..   23.6
  28.3   18.1    9.4    8.4   24.0   25.7   14.1   11.4 ..   17.0
  16.7   13.3   22.6   16.4    1.0    5.6    6.0   15.0 ..    1.4
  16.6   21.7   17.1   22.3    7.9    4.7   13.6   17.0 ..   16.6
   0.9   24.0   17.0   22.6   26.1   16.9    6.1    0.0 ..    0.6
    ...  ...  ...
   4.6    6.9   19.3   19.1    9.0   10.0   23.4   24.0 ..   23.1
-----------------------
C[2304x2304]=A*B:
451192.9 463779.7 453140.2 460794.9 473673.7 459195.1 473633.4 469535.1 .. 470319.0
454179.0 466395.7 454676.7 468354.8 470554.8 460520.0 469996.4 472075.8 .. 466512.0
448065.1 450602.3 449685.0 456130.2 465603.4 455663.8 460889.0 461579.2 .. 465926.6
460654.4 462590.2 454383.9 462468.0 468772.7 462714.0 467558.5 472672.0 .. 463735.0
452655.2 458735.2 445342.9 459902.7 469276.3 455687.4 468719.0 465244.3 .. 467168.6
461555.0 471382.6 460748.9 473332.3 472971.3 462967.3 471858.6 477930.5 .. 473983.8
461762.6 465839.5 451721.1 465600.2 473302.1 465395.4 473475.0 469326.3 .. 477187.9
457491.3 468640.2 463069.4 475519.5 472875.7 461348.9 474083.4 472530.7 .. 477398.3
    ...  ...  ...
476048.7 463936.0 459714.1 473666.7 484639.6 474665.1 486984.8 478619.0 .. 484357.2
-----------------------

POP-C++: mainpopc has started with 1 tasks.
Initializing arrays...

Parameters are:
Matrix Size=2880, Blocs (lines=1, columns=1), Workers=1, Cores=4

POP-C++: Starting standard Matrix multiplication program...

Times (init, send and computing) = 0.232, 1.18, 163 sec

...End of matrix multiplication

A[2880x2880]:
  23.7    2.9   12.9   12.7   11.3    5.1   13.7   20.4 ..    8.9
   7.9   13.9   11.1   13.9   15.4   25.3    5.1   27.9 ..    6.0
  22.3   13.4   24.0   19.3   16.6    0.7   20.0    4.9 ..    0.7
  10.7    9.0    5.6   13.7   17.4   11.0   17.1   16.4 ..    3.0
  27.1    9.3   11.6   26.3   16.9    6.7   15.4    9.9 ..   22.9
   6.7   25.7   24.1   10.1    8.1    5.9   22.7    1.1 ..   28.0
   1.0   17.6   23.3   22.4   12.3   14.7   18.9   10.0 ..   10.9
  17.7   10.9    3.0    9.7    5.4    9.3    7.1   20.6 ..    0.0
    ...  ...  ...
   7.6   19.6   20.0    9.4    2.1   23.3   16.3   13.9 ..    9.3
-----------------------
B[2880x2880]:
  25.6   13.1   22.3   18.4   27.6    7.6   14.4   24.6 ..   19.1
  18.1    3.0    5.4   23.9   27.7    2.1    1.7    7.9 ..    8.1
   0.9   11.1   13.6   19.9    7.1   20.6   10.9    2.7 ..   27.0
  19.0    2.6   25.4   11.0   23.1   13.1   16.7    9.0 ..    1.4
   1.9    5.7   10.4   10.3   28.0    9.3   26.1   13.3 ..    8.3
  16.0   17.1    1.4   23.7   19.1   24.0   11.1    2.0 ..   13.6
  15.4   15.4   22.3   18.7   28.3   25.1   18.4   18.7 ..   25.4
   2.6   24.9   25.7    8.9   25.0    7.7    8.7    0.7 ..    7.6
    ...  ...  ...
  26.7   11.0    4.6    0.7   20.6    3.9    9.7   21.3 ..   20.4
-----------------------
C[2880x2880]=A*B:
571452.6 564391.5 577246.9 573920.0 566633.1 583881.3 568990.8 576413.1 .. 576772.8
583331.8 576326.2 577513.5 578515.7 571014.9 587839.5 573802.9 581183.1 .. 576206.9
572368.8 555436.8 572314.5 568841.6 566227.8 580760.0 567680.9 569284.5 .. 576124.3
583593.1 584123.9 576630.1 585861.7 578432.3 597002.3 583518.1 586118.3 .. 595108.2
578651.1 575874.2 585709.4 590424.6 575064.3 588699.9 576103.0 576052.8 .. 585591.1
584939.1 583263.9 583251.7 589921.2 575159.4 596353.0 584796.2 587815.1 .. 581758.3
590392.3 590003.4 591233.8 594209.1 583809.5 603405.1 582309.0 592541.9 .. 597995.6
581874.5 570730.1 576926.3 575467.3 574478.1 584610.6 577708.2 580000.5 .. 581259.6
    ...  ...  ...
583559.5 571376.5 576261.1 585483.2 571724.0 585427.8 570324.4 578267.4 .. 579485.1
-----------------------

POP-C++: mainpopc has started with 1 tasks.
Initializing arrays...

Parameters are:
Matrix Size=2880, Blocs (lines=1, columns=1), Workers=1, Cores=4

POP-C++: Starting standard Matrix multiplication program...

Times (init, send and computing) = 0.219, 0.794, 173 sec

...End of matrix multiplication

A[2880x2880]:
   0.0    5.3   23.9    2.0   27.6   25.6   14.9    4.6 ..    8.1
  26.6    3.6   13.9   16.3   20.0   18.3    4.6   10.1 ..    7.1
  26.1   12.7   11.7    1.6    9.7   19.6   11.0   15.1 ..    8.9
   2.1   12.4    0.6   10.3    3.3   17.6   20.3    6.9 ..   12.6
  21.7   18.3   20.6   16.6   20.6   27.9   25.4   28.0 ..   13.6
  14.6   20.3    6.3   26.9   15.0   17.0    6.1   20.4 ..    4.1
  14.0   11.4   23.1   21.4    1.7   10.3    7.7   21.4 ..   20.0
   4.1   24.3    9.3    5.1    9.9   23.9   17.3    2.3 ..   21.1
    ...  ...  ...
  22.1   17.3    8.1   23.4    6.3   21.9   24.3    4.1 ..    6.4
-----------------------
B[2880x2880]:
   0.0   26.6   26.1    2.1   21.7   14.6   14.0    4.1 ..   22.1
   5.3    3.6   12.7   12.4   18.3   20.3   11.4   24.3 ..   17.3
  23.9   13.9   11.7    0.6   20.6    6.3   23.1    9.3 ..    8.1
   2.0   16.3    1.6   10.3   16.6   26.9   21.4    5.1 ..   23.4
  27.6   20.0    9.7    3.3   20.6   15.0    1.7    9.9 ..    6.3
