
POP-C++: mainpopc has started with 1 tasks.
Initializing arrays...

Parameters are:
Matrix Size=720, Blocs (lines=1, columns=1), Workers=1, Cores=4

POP-C++: Starting standard Matrix multiplication program...

Times (init, send and computing) = 0.16, 0.0394, 0.717 sec

...End of matrix multiplication

A[720x720]:
   5.1   22.1    3.6    5.9    6.7   17.3   16.6   11.6 ..   11.7
   0.0   13.3    4.7   18.0   23.1    5.1    1.3    8.0 ..    4.6
  24.1   10.4   15.6   13.0   27.1    3.1   24.3   20.0 ..   10.7
   5.4    0.1   20.9    3.9   19.3   16.4    8.4   25.4 ..   13.6
   3.6    1.3   26.9    4.3    2.0   14.4   10.7   21.4 ..   19.7
  21.9    7.4   21.1   26.0   26.7   28.4   13.9    9.3 ..    1.9
  15.6   10.9   14.9   12.0    1.4   13.0   22.1   14.3 ..    9.3
   8.3    6.0   20.1    9.1   17.6   14.6   14.6    2.4 ..   10.4
    ...  ...  ...
   2.9    1.1   24.3   18.6    0.7   26.0   28.4   18.6 ..   14.0
-----------------------
B[720x720]:
   5.1    0.0   24.1    5.4    3.6   21.9   15.6    8.3 ..    2.9
  22.1   13.3   10.4    0.1    1.3    7.4   10.9    6.0 ..    1.1
   3.6    4.7   15.6   20.9   26.9   21.1   14.9   20.1 ..   24.3
   5.9   18.0   13.0    3.9    4.3   26.0   12.0    9.1 ..   18.6
   6.7   23.1   27.1   19.3    2.0   26.7    1.4   17.6 ..    0.7
  17.3    5.1    3.1   16.4   14.4   28.4   13.0   14.6 ..   26.0
  16.6    1.3   24.3    8.4   10.7   13.9   22.1   14.6 ..   28.4
  11.6    8.0   20.0   25.4   21.4    9.3   14.3    2.4 ..   18.6
    ...  ...  ...
  11.7    4.6   10.7   13.6   19.7    1.9    9.3   10.4 ..   14.0
-----------------------
C[720x720]=A*B:
187385.9 140910.8 151804.2 143651.6 137751.9 141052.4 142103.5 142213.8 .. 139734.2
140910.8 193262.1 149391.1 144200.1 138280.2 142923.1 143094.8 145119.3 .. 144474.2
151804.2 149391.1 206587.6 152681.8 146238.3 155787.9 153906.4 152770.6 .. 150525.1
143651.6 144200.1 152681.8 195629.1 142822.4 144200.2 151021.6 146479.5 .. 143825.1
137751.9 138280.2 146238.3 142822.4 185131.3 139681.3 143967.5 142039.3 .. 136889.7
141052.4 142923.1 155787.9 144200.2 139681.3 195334.2 147497.9 145070.0 .. 144557.3
142103.5 143094.8 153906.4 151021.6 143967.5 147497.9 196688.0 150829.2 .. 144484.9
142213.8 145119.3 152770.6 146479.5 142039.3 145070.0 150829.2 197012.7 .. 142703.7
    ...  ...  ...
139734.2 144474.2 150525.1 143825.1 136889.7 144557.3 144484.9 142703.7 .. 188842.5
-----------------------

POP-C++: mainpopc has started with 1 tasks.
Initializing arrays...

Parameters are:
Matrix Size=720, Blocs (lines=1, columns=1), Workers=1, Cores=4

POP-C++: Starting standard Matrix multiplication program...

Times (init, send and computing) = 0.0763, 0.0325, 0.717 sec

...End of matrix multiplication

A[720x720]:
  26.4    6.4    6.7    5.7    5.4   15.6   21.4    4.1 ..    3.3
  10.0   23.3    9.4   20.4   13.3   18.7   23.4   10.4 ..    9.4
  27.1   20.3    3.6    5.4    0.0   11.3    6.3   20.1 ..   17.0
   8.0    1.7   15.0    8.1   16.1   17.1   12.7    2.1 ..    8.6
   0.6   28.0    3.9   12.7    4.0   19.0    2.4   28.0 ..    9.7
  10.6   26.9   24.7   25.3   26.4   11.6    8.9   10.3 ..   19.3
  15.9    8.6   22.3    0.6   27.3    8.7    7.4    1.7 ..   10.6
   1.4    5.3    7.4   19.9    8.1   10.1    9.9   28.4 ..   22.0
    ...  ...  ...
  13.0    9.1   23.9   18.1    9.6    7.9   20.4   27.4 ..    2.0
-----------------------
B[720x720]:
  26.4   10.0   27.1    8.0    0.6   10.6   15.9    1.4 ..   13.0
   6.4   23.3   20.3    1.7   28.0   26.9    8.6    5.3 ..    9.1
   6.7    9.4    3.6   15.0    3.9   24.7   22.3    7.4 ..   23.9
   5.7   20.4    5.4    8.1   12.7   25.3    0.6   19.9 ..   18.1
   5.4   13.3    0.0   16.1    4.0   26.4   27.3    8.1 ..    9.6
  15.6   18.7   11.3   17.1   19.0   11.6    8.7   10.1 ..    7.9
  21.4   23.4    6.3   12.7    2.4    8.9    7.4    9.9 ..   20.4
   4.1   10.4   20.1    2.1   28.0   10.3    1.7   28.4 ..   27.4
    ...  ...  ...
   3.3    9.4   17.0    8.6    9.7   19.3   10.6   22.0 ..    2.0
-----------------------
C[720x720]=A*B:
196009.5 148298.2 153682.1 140810.4 140843.1 147494.3 145542.0 149352.1 .. 143552.6
148298.2 196569.6 147592.2 139094.9 144827.8 147876.1 143097.3 150214.3 .. 147404.6
153682.1 147592.2 198218.3 145658.4 144811.6 148658.4 145649.1 151898.4 .. 150733.3
140810.4 139094.9 145658.4 186179.4 140837.6 141263.3 138628.9 140502.6 .. 140136.2
140843.1 144827.8 144811.6 140837.6 192801.4 149375.5 138743.9 147681.1 .. 145181.0
147494.3 147876.1 148658.4 141263.3 149375.5 198468.8 144841.6 148099.9 .. 148227.8
145542.0 143097.3 145649.1 138628.9 138743.9 144841.6 189326.0 143997.7 .. 140842.9
149352.1 150214.3 151898.4 140502.6 147681.1 148099.9 143997.7 196038.6 .. 145530.0
    ...  ...  ...
143552.6 147404.6 150733.3 140136.2 145181.0 148227.8 140842.9 145530.0 .. 188402.0
-----------------------

POP-C++: mainpopc has started with 1 tasks.
Initializing arrays...

Parameters are:
Matrix Size=720, Blocs (lines=1, columns=1), Workers=1, Cores=4

POP-C++: Starting standard Matrix multiplication program...

Times (init, send and computing) = 0.0699, 0.0326, 0.713 sec

...End of matrix multiplication

A[720x720]:
  10.7   26.3    7.4   20.3   15.9   23.3    7.9   17.3 ..   22.9
   7.3   28.1   10.7   13.0   26.3    4.6   16.4    9.0 ..   18.3
   7.0   20.9    5.6   13.9   24.4    7.0    2.3    8.0 ..   18.1
  26.0    0.4   25.9   15.3   12.0   25.6   17.4   26.0 ..   27.7
   2.7    9.6   21.3   28.1   17.0   20.3   15.9   10.6 ..   26.0
  18.7   24.9    0.9    4.4   19.0    7.7   13.9    7.4 ..    8.3
  20.9   18.6   14.9   25.1    3.7   17.4   16.1   23.7 ..   20.0
   7.1    1.9    9.0   21.7   10.4   22.4   16.1   10.7 ..   24.6
    ...  ...  ...
  16.1    6.4    7.1   15.1    5.4    1.6   12.3    3.6 ..    6.9
-----------------------
B[720x720]:
  10.7    7.3    7.0   26.0    2.7   18.7   20.9    7.1 ..   16.1
  26.3   28.1   20.9    0.4    9.6   24.9   18.6    1.9 ..    6.4
   7.4   10.7    5.6   25.9   21.3    0.9   14.9    9.0 ..    7.1
  20.3   13.0   13.9   15.3   28.1    4.4   25.1   21.7 ..   15.1
  15.9   26.3   24.4   12.0   17.0   19.0    3.7   10.4 ..    5.4
  23.3    4.6    7.0   25.6   20.3    7.7   17.4   22.4 ..    1.6
   7.9   16.4    2.3   17.4   15.9   13.9   16.1   16.1 ..   12.3
  17.3    9.0    8.0   26.0   10.6    7.4   23.7   10.7 ..    3.6
    ...  ...  ...
  22.9   18.3   18.1   27.7   26.0    8.3   20.0   24.6 ..    6.9
-----------------------
C[720x720]=A*B:
193125.1 143464.9 145744.9 149878.8 146610.5 138073.8 136952.5 131235.1 .. 139120.1
143464.9 188403.1 143313.3 145450.0 148260.9 137287.8 134352.6 133154.5 .. 134574.3
145744.9 143313.3 190205.6 147674.3 149083.8 140615.4 135334.5 134598.3 .. 139933.1
149878.8 145450.0 147674.3 205642.3 152074.8 142259.2 146339.0 140967.6 .. 146486.2
146610.5 148260.9 149083.8 152074.8 201121.4 143347.5 139787.2 138124.6 .. 144412.7
138073.8 137287.8 140615.4 142259.2 143347.5 179740.0 132171.5 131162.7 .. 133963.4
136952.5 134352.6 135334.5 146339.0 139787.2 132171.5 178300.8 127425.2 .. 132582.3
131235.1 133154.5 134598.3 140967.6 138124.6 131162.7 127425.2 173827.7 .. 130995.7
    ...  ...  ...
139120.1 134574.3 139933.1 146486.2 144412.7 133963.4 132582.3 130995.7 .. 185712.2
-----------------------

POP-C++: mainpopc has started with 1 tasks.
Initializing arrays...

Parameters are:
Matrix Size=720, Blocs (lines=1, columns=1), Workers=1, Cores=4

POP-C++: Starting standard Matrix multiplication program...

Times (init, send and computing) = 0.0767, 0.0319, 0.721 sec

...End of matrix multiplication

A[720x720]:
   8.9    8.3    4.1    5.3   19.0    9.7    4.6    8.7 ..   10.9
  11.9   21.3   10.0    5.9    1.4   24.4   25.4   15.6 ..    2.0
  19.7   17.0    6.6    5.1    0.0   13.7   23.4    5.9 ..    2.6
  23.1   24.6    5.6   21.6   11.9   23.1    5.9    8.9 ..   14.6
  17.6   15.6    3.4   23.3   23.4   10.9    9.6   28.4 ..   13.3
  25.6   18.7    2.4   22.3   26.9   10.4    1.4   19.9 ..    6.9
   5.0    3.1   28.4   26.4    6.4   13.9   26.1   28.1 ..    6.1
  12.0   14.3   16.9   20.3   19.3   27.4   23.1    5.9 ..    3.3
    ...  ...  ...
  27.3   11.4   15.4    5.1   10.3   26.4    9.4   11.1 ..   23.1
-----------------------
B[720x720]:
   8.9   11.9   19.7   23.1   17.6   25.6    5.0   12.0 ..   27.3
   8.3   21.3   17.0   24.6   15.6   18.7    3.1   14.3 ..   11.4
   4.1   10.0    6.6    5.6    3.4    2.4   28.4   16.9 ..   15.4
   5.3    5.9    5.1   21.6   23.3   22.3   26.4   20.3 ..    5.1
  19.0    1.4    0.0   11.9   23.4   26.9    6.4   19.3 ..   10.3
   9.7   24.4   13.7   23.1   10.9   10.4   13.9   27.4 ..   26.4
   4.6   25.4   23.4    5.9    9.6    1.4   26.1   23.1 ..    9.4
   8.7   15.6    5.9    8.9   28.4   19.9   28.1    5.9 ..   11.1
    ...  ...  ...
  10.9    2.0    2.6   14.6   13.3    6.9    6.1    3.3 ..   23.1
-----------------------
C[720x720]=A*B:
195324.4 147654.0 145167.0 151992.5 140406.1 150862.6 141467.7 147269.7 .. 145865.2
147654.0 191097.9 141392.5 150191.7 139362.5 148947.9 141537.6 147376.9 .. 149032.7
145167.0 141392.5 196557.4 148511.4 140679.2 149800.7 142167.4 147673.2 .. 149751.7
151992.5 150191.7 148511.4 203171.4 147332.3 156771.2 144745.0 151325.3 .. 150757.3
140406.1 139362.5 140679.2 147332.3 186611.3 149795.5 138661.4 144324.6 .. 145735.6
150862.6 148947.9 149800.7 156771.2 149795.5 205793.6 149345.8 152495.5 .. 154785.7
141467.7 141537.6 142167.4 144745.0 138661.4 149345.8 187264.3 144075.1 .. 144005.4
147269.7 147376.9 147673.2 151325.3 144324.6 152495.5 144075.1 195237.0 .. 150088.0
    ...  ...  ...
145865.2 149032.7 149751.7 150757.3 145735.6 154785.7 144005.4 150088.0 .. 201402.8
-----------------------

POP-C++: mainpopc has started with 1 tasks.
Initializing arrays...

Parameters are:
Matrix Size=720, Blocs (lines=1, columns=1), Workers=1, Cores=4

POP-C++: Starting standard Matrix multiplication program...

SIGNAL 2!!!!
POP-C++: End of all parallel objects is being processed

POP-C++: mainpopc has started with 1 tasks.
Initializing arrays...

Parameters are:
Matrix Size=720, Blocs (lines=1, columns=1), Workers=1, Cores=4

POP-C++: Starting standard Matrix multiplication program...

Times (init, send and computing) = 0.074, 0.0292, 0.704 sec

...End of matrix multiplication

A[720x720]:
  20.3   12.0   11.0   14.3    8.1   21.7    8.1   22.9 ..   13.7
  17.3   10.6   10.3   18.3   28.1    6.3   20.4   22.1 ..    3.4
   6.4   16.1   20.3   16.6    1.3    1.0   14.6   16.4 ..   22.1
  27.6   18.1    7.4    7.6   22.1    9.3    7.9    5.1 ..   19.4
   2.0    4.7   20.1   27.3    7.9   28.4   17.9    6.6 ..   25.7
  18.7   10.4    3.6   21.1    0.4    3.6   24.3   19.7 ..   17.3
  25.9   25.7   23.3   12.4   27.0   26.3   18.1    9.7 ..   28.1
  24.3   14.6   17.0   11.6   20.1   14.1    8.1    1.3 ..   13.1
    ...  ...  ...
   1.4   27.3   23.1    8.4    5.3   23.9    0.7   12.0 ..   19.9
-----------------------
B[720x720]:
  20.3   17.3    6.4   27.6    2.0   18.7   25.9   24.3 ..    1.4
  12.0   10.6   16.1   18.1    4.7   10.4   25.7   14.6 ..   27.3
  11.0   10.3   20.3    7.4   20.1    3.6   23.3   17.0 ..   23.1
  14.3   18.3   16.6    7.6   27.3   21.1   12.4   11.6 ..    8.4
   8.1   28.1    1.3   22.1    7.9    0.4   27.0   20.1 ..    5.3
  21.7    6.3    1.0    9.3   28.4    3.6   26.3   14.1 ..   23.9
   8.1   20.4   14.6    7.9   17.9   24.3   18.1    8.1 ..    0.7
  22.9   22.1   16.4    5.1    6.6   19.7    9.7    1.3 ..   12.0
    ...  ...  ...
  13.7    3.4   22.1   19.4   25.7   17.3   28.1   13.1 ..   19.9
-----------------------
C[720x720]=A*B:
190527.7 142437.2 138901.6 144752.1 140665.4 144361.6 146972.7 137958.8 .. 144881.7
142437.2 194716.9 142726.2 148364.5 144161.5 146661.5 150452.5 140174.0 .. 147252.0
138901.6 142726.2 190821.1 140231.2 141910.1 140662.4 147985.9 138804.0 .. 144598.6
144752.1 148364.5 140231.2 195909.1 145620.7 150399.2 152429.9 141608.5 .. 146574.1
140665.4 144161.5 141910.1 145620.7 195196.6 143443.2 147150.9 138752.7 .. 143485.1
144361.6 146661.5 140662.4 150399.2 143443.2 193656.0 149099.5 136309.7 .. 144171.1
146972.7 150452.5 147985.9 152429.9 147150.9 149099.5 206506.7 146610.6 .. 153793.8
137958.8 140174.0 138804.0 141608.5 138752.7 136309.7 146610.6 183304.1 .. 144716.6
    ...  ...  ...
144881.7 147252.0 144598.6 146574.1 143485.1 144171.1 153793.8 144716.6 .. 194494.7
-----------------------

POP-C++: mainpopc has started with 1 tasks.
Initializing arrays...

Parameters are:
Matrix Size=720, Blocs (lines=1, columns=1), Workers=1, Cores=4

POP-C++: Starting standard Matrix multiplication program...

Times (init, send and computing) = 0.0733, 0.0379, 0.706 sec

...End of matrix multiplication

A[720x720]:
  13.4    7.4    4.6   10.0   23.6   19.9    6.1   26.9 ..   12.0
  27.4   16.7   15.3    2.3    9.3   27.4    2.3   16.1 ..   15.0
  12.4    9.6   24.6   14.6    2.7   15.6   10.6   17.9 ..    9.7
  17.6   10.0   17.6    5.1   25.4    3.3   24.3   28.1 ..   14.6
   3.3    5.1   14.9    4.7   12.1   11.4    5.9    1.0 ..   12.4
  11.6    4.4   23.1   20.6   23.3   18.9   22.0   21.6 ..   15.9
   4.9    3.0   11.1   26.1    4.6   27.6    9.6   12.4 ..    4.4
  17.0   25.0   13.9   27.0   22.4   14.9   14.0   22.1 ..   14.6
    ...  ...  ...
   9.1    2.3   10.1   20.6   22.9    2.9   22.4    1.7 ..   19.1
-----------------------
B[720x720]:
  13.4   27.4   12.4   17.6    3.3   11.6    4.9   17.0 ..    9.1
   7.4   16.7    9.6   10.0    5.1    4.4    3.0   25.0 ..    2.3
   4.6   15.3   24.6   17.6   14.9   23.1   11.1   13.9 ..   10.1
  10.0    2.3   14.6    5.1    4.7   20.6   26.1   27.0 ..   20.6
  23.6    9.3    2.7   25.4   12.1   23.3    4.6   22.4 ..   22.9
  19.9   27.4   15.6    3.3   11.4   18.9   27.6   14.9 ..    2.9
   6.1    2.3   10.6   24.3    5.9   22.0    9.6   14.0 ..   22.4
  26.9   16.1   17.9   28.1    1.0   21.6   12.4   22.1 ..    1.7
    ...  ...  ...
  12.0   15.0    9.7   14.6   12.4   15.9    4.4   14.6 ..   19.1
-----------------------
C[720x720]=A*B:
195094.6 150607.3 146799.5 144655.5 146857.9 146705.2 149351.3 148897.6 .. 145003.2
150607.3 202919.1 151789.1 147515.8 155869.1 150150.7 151807.9 151209.5 .. 145973.8
146799.5 151789.1 198296.0 144092.8 153657.4 149581.9 149251.9 147196.8 .. 143363.8
144655.5 147515.8 144092.8 192987.0 148805.9 148683.8 147968.9 141896.8 .. 141903.7
146857.9 155869.1 153657.4 148805.9 202228.4 152199.2 153908.9 151760.6 .. 145566.5
146705.2 150150.7 149581.9 148683.8 152199.2 197679.5 150410.5 150295.8 .. 147433.9
149351.3 151807.9 149251.9 147968.9 153908.9 150410.5 200895.5 146769.6 .. 142993.8
148897.6 151209.5 147196.8 141896.8 151760.6 150295.8 146769.6 196450.0 .. 148209.4
    ...  ...  ...
145003.2 145973.8 143363.8 141903.7 145566.5 147433.9 142993.8 148209.4 .. 195131.7
-----------------------

POP-C++: mainpopc has started with 1 tasks.
Initializing arrays...

Parameters are:
Matrix Size=720, Blocs (lines=1, columns=1), Workers=1, Cores=4

POP-C++: Starting standard Matrix multiplication program...

Times (init, send and computing) = 0.0725, 0.0306, 0.721 sec

...End of matrix multiplication

A[720x720]:
  23.1   24.9   14.0    0.7   26.1   21.9    6.6   18.6 ..   13.9
   1.4   13.1   20.0    6.1   20.7   17.6   15.7   25.6 ..    3.3
  24.9   27.4   22.3   21.0   20.3   14.3    3.7   10.6 ..    3.0
   1.6   16.3   16.3   24.4    2.9   23.4   19.1   23.4 ..   13.6
  24.3    5.6   19.6   14.6    7.6    9.1   28.4   12.9 ..   11.1
  15.0   25.0    7.3   16.9   20.3   10.1    3.1    8.0 ..   28.1
   5.9   28.0   14.4   22.3    9.1   14.9   18.0   19.0 ..   16.7
  21.7    7.4    2.4   16.4   14.0   12.7   26.0   16.4 ..   19.0
    ...  ...  ...
   3.0    1.6    8.6   18.4    1.9   15.0   19.9    6.1 ..   24.1
-----------------------
B[720x720]:
  23.1    1.4   24.9    1.6   24.3   15.0    5.9   21.7 ..    3.0
  24.9   13.1   27.4   16.3    5.6   25.0   28.0    7.4 ..    1.6
  14.0   20.0   22.3   16.3   19.6    7.3   14.4    2.4 ..    8.6
   0.7    6.1   21.0   24.4   14.6   16.9   22.3   16.4 ..   18.4
  26.1   20.7   20.3    2.9    7.6   20.3    9.1   14.0 ..    1.9
  21.9   17.6   14.3   23.4    9.1   10.1   14.9   12.7 ..   15.0
   6.6   15.7    3.7   19.1   28.4    3.1   18.0   26.0 ..   19.9
  18.6   25.6   10.6   23.4   12.9    8.0   19.0   16.4 ..    6.1
    ...  ...  ...
  13.9    3.3    3.0   13.6   11.1   28.1   16.7   19.0 ..   24.1
-----------------------
C[720x720]=A*B:
193023.4 147043.2 142462.8 144123.2 141528.1 142947.0 145375.6 149160.3 .. 145506.3
147043.2 195803.2 147212.7 145306.6 142878.2 140725.0 152435.1 154416.9 .. 145647.9
142462.8 147212.7 189884.2 140954.3 141325.7 139608.4 148024.3 149549.4 .. 144943.8
144123.2 145306.6 140954.3 191735.2 142469.8 139240.4 152141.3 152342.1 .. 142649.3
141528.1 142878.2 141325.7 142469.8 187920.9 141465.8 147694.9 151430.6 .. 142994.7
142947.0 140725.0 139608.4 139240.4 141465.8 183779.1 148869.9 151670.8 .. 139313.2
145375.6 152435.1 148024.3 152141.3 147694.9 148869.9 205501.5 154979.7 .. 147827.6
149160.3 154416.9 149549.4 152342.1 151430.6 151670.8 154979.7 207200.4 .. 153757.8
    ...  ...  ...
145506.3 145647.9 144943.8 142649.3 142994.7 139313.2 147827.6 153757.8 .. 191518.2
-----------------------

POP-C++: mainpopc has started with 1 tasks.
Initializing arrays...

Parameters are:
Matrix Size=720, Blocs (lines=1, columns=1), Workers=1, Cores=4

POP-C++: Starting standard Matrix multiplication program...

Times (init, send and computing) = 0.0729, 0.0302, 0.708 sec

...End of matrix multiplication

A[720x720]:
   4.1    0.4   10.3    7.7   23.4   19.0   11.6   15.7 ..   20.7
  28.4   14.7   11.3   26.0   25.9    9.9    3.7   24.0 ..   19.7
  21.3   14.9   27.4    8.7    7.0    6.0    3.0    5.1 ..    7.7
  26.7   17.9   13.3    0.3    0.6   27.0   25.0    9.4 ..   18.7
  11.3   16.0    1.6   27.0   12.7    0.1    3.6   12.6 ..    5.4
  19.6   22.0   13.7   10.4    7.3   13.0   10.9   21.6 ..   21.4
   8.0    3.6    5.6   20.6   20.0   20.0   16.4   25.7 ..   24.3
  10.7   12.3   20.7   17.6    8.9    5.4   14.4    8.3 ..   13.6
    ...  ...  ...
  27.7   11.4   21.0    2.3    8.9   22.6    6.9   15.1 ..   27.7
-----------------------
B[720x720]:
   4.1   28.4   21.3   26.7   11.3   19.6    8.0   10.7 ..   27.7
   0.4   14.7   14.9   17.9   16.0   22.0    3.6   12.3 ..   11.4
  10.3   11.3   27.4   13.3    1.6   13.7    5.6   20.7 ..   21.0
   7.7   26.0    8.7    0.3   27.0   10.4   20.6   17.6 ..    2.3
  23.4   25.9    7.0    0.6   12.7    7.3   20.0    8.9 ..    8.9
  19.0    9.9    6.0   27.0    0.1   13.0   20.0    5.4 ..   22.6
  11.6    3.7    3.0   25.0    3.6   10.9   16.4   14.4 ..    6.9
  15.7   24.0    5.1    9.4   12.6   21.6   25.7    8.3 ..   15.1
    ...  ...  ...
  20.7   19.7    7.7   18.7    5.4   21.4   24.3   13.6 ..   27.7
-----------------------
C[720x720]=A*B:
190384.1 146425.9 133806.3 136464.5 136227.9 143942.8 143406.8 131960.4 .. 150676.2
146425.9 198662.1 145710.7 148516.6 148376.3 147613.2 148229.3 132695.2 .. 155532.1
133806.3 145710.7 192202.4 141377.7 143622.6 144779.1 146370.4 130246.7 .. 147274.6
136464.5 148516.6 141377.7 186641.5 140234.3 143504.0 145278.7 129203.3 .. 150748.8
136227.9 148376.3 143622.6 140234.3 191599.7 144784.1 142513.2 136450.5 .. 148285.4
143942.8 147613.2 144779.1 143504.0 144784.1 195668.6 149012.4 135444.5 .. 157000.4
143406.8 148229.3 146370.4 145278.7 142513.2 149012.4 196236.9 134063.1 .. 152375.1
131960.4 132695.2 130246.7 129203.3 136450.5 135444.5 134063.1 171495.4 .. 140876.7
    ...  ...  ...
150676.2 155532.1 147274.6 150748.8 148285.4 157000.4 152375.1 140876.7 .. 209731.1
-----------------------

POP-C++: mainpopc has started with 1 tasks.
Initializing arrays...

Parameters are:
Matrix Size=720, Blocs (lines=1, columns=1), Workers=1, Cores=4

POP-C++: Starting standard Matrix multiplication program...

Times (init, send and computing) = 0.076, 0.0373, 0.704 sec

...End of matrix multiplication

A[720x720]:
   2.0    7.3   25.7   26.4   15.6   17.7    4.6   18.1 ..   13.3
  13.4   18.4   24.6   26.4   14.0   20.6   12.9   25.9 ..   20.6
   7.3   19.0    5.7    9.6    1.1   10.0   26.0    0.4 ..    3.4
   5.9   17.9   26.4   18.7    0.4   13.9    2.0   26.1 ..    5.7
   4.7   11.1   10.7   16.1   23.4    1.4   25.6   25.6 ..    9.3
  23.9    7.4   23.6   19.3    1.0   15.7   22.1   23.7 ..    1.0
  12.9   13.7   26.1    4.6   28.4    0.3    4.1   26.1 ..    3.9
   3.7   27.1   19.9   18.1   19.3    0.7   13.4   14.1 ..   11.9
    ...  ...  ...
  25.7    1.9    1.4   12.0   12.6   17.6   17.9   25.6 ..   18.0
-----------------------
B[720x720]:
   2.0   13.4    7.3    5.9    4.7   23.9   12.9    3.7 ..   25.7
   7.3   18.4   19.0   17.9   11.1    7.4   13.7   27.1 ..    1.9
  25.7   24.6    5.7   26.4   10.7   23.6   26.1   19.9 ..    1.4
  26.4   26.4    9.6   18.7   16.1   19.3    4.6   18.1 ..   12.0
  15.6   14.0    1.1    0.4   23.4    1.0   28.4   19.3 ..   12.6
  17.7   20.6   10.0   13.9    1.4   15.7    0.3    0.7 ..   17.6
   4.6   12.9   26.0    2.0   25.6   22.1    4.1   13.4 ..   17.9
  18.1   25.9    0.4   26.1   25.6   23.7   26.1   14.1 ..   25.6
    ...  ...  ...
  13.3   20.6    3.4    5.7    9.3    1.0    3.9   11.9 ..   18.0
-----------------------
C[720x720]=A*B:
183559.3 141908.8 138124.2 148107.6 140217.5 142625.9 140026.4 137930.2 .. 137213.2
141908.8 193117.1 142546.6 154351.4 141777.8 144260.4 142950.3 136337.0 .. 141777.8
138124.2 142546.6 197213.3 152425.5 146034.9 148500.8 144722.3 149486.8 .. 142761.8
148107.6 154351.4 152425.5 208234.9 149936.8 154620.7 151189.1 148677.7 .. 146717.0
140217.5 141777.8 146034.9 149936.8 189124.0 145019.7 143112.0 145176.2 .. 142175.6
142625.9 144260.4 148500.8 154620.7 145019.7 195367.4 144485.8 141772.4 .. 146953.3
140026.4 142950.3 144722.3 151189.1 143112.0 144485.8 189628.0 142229.9 .. 142250.1
137930.2 136337.0 149486.8 148677.7 145176.2 141772.4 142229.9 192735.5 .. 141450.9
    ...  ...  ...
137213.2 141777.8 142761.8 146717.0 142175.6 146953.3 142250.1 141450.9 .. 188703.3
-----------------------

POP-C++: mainpopc has started with 1 tasks.
Initializing arrays...

Parameters are:
Matrix Size=1620, Blocs (lines=1, columns=1), Workers=1, Cores=4

POP-C++: Starting standard Matrix multiplication program...

Times (init, send and computing) = 0.0744, 0.115, 7.35 sec

...End of matrix multiplication

A[1620x1620]:
  25.4   10.7    3.1   18.9   23.9   17.1   12.6   22.1 ..   13.7
   2.1   25.1    6.1   27.9   20.3   14.3   13.1   27.0 ..   13.0
   1.0   20.3   27.6   18.1   21.9    5.9   11.6    3.6 ..   13.0
   5.6    1.6   26.7   13.9   23.0   25.9    8.1    2.7 ..   18.4
  11.0   23.6   10.9    8.4   14.6   24.1   19.3   22.1 ..   12.1
   7.6   18.3    8.3    6.3   20.4    3.9    6.7    8.7 ..   17.6
   1.7    6.7    5.3   11.1   20.0    5.4   21.1   10.3 ..    2.9
   0.3   23.1   27.3   22.9   10.7   25.7   23.4   20.6 ..   27.6
    ...  ...  ...
   6.7   19.0    4.7    7.0   15.9   26.4   11.9   26.0 ..    8.0
-----------------------
B[1620x1620]:
  25.4    2.1    1.0    5.6   11.0    7.6    1.7    0.3 ..    6.7
  10.7   25.1   20.3    1.6   23.6   18.3    6.7   23.1 ..   19.0
   3.1    6.1   27.6   26.7   10.9    8.3    5.3   27.3 ..    4.7
  18.9   27.9   18.1   13.9    8.4    6.3   11.1   22.9 ..    7.0
  23.9   20.3   21.9   23.0   14.6   20.4   20.0   10.7 ..   15.9
  17.1   14.3    5.9   25.9   24.1    3.9    5.4   25.7 ..   26.4
  12.6   13.1   11.6    8.1   19.3    6.7   21.1   23.4 ..   11.9
  22.1   27.0    3.6    2.7   22.1    8.7   10.3   20.6 ..   26.0
    ...  ...  ...
  13.7   13.0   13.0   18.4   12.1   17.6    2.9   27.6 ..    8.0
-----------------------
C[1620x1620]=A*B:
447657.0 331903.4 338884.2 332344.6 340327.9 334854.7 341113.0 338482.0 .. 335289.5
331903.4 421931.6 323003.7 316466.1 324814.0 320785.3 324921.3 323008.6 .. 323719.7
338884.2 323003.7 449038.2 330216.1 331884.1 332027.2 334231.2 335093.0 .. 330004.9
332344.6 316466.1 330216.1 432313.7 329157.3 330293.0 329354.0 326757.8 .. 323428.0
340327.9 324814.0 331884.1 329157.3 444564.4 330885.6 334157.4 336341.1 .. 339526.5
334854.7 320785.3 332027.2 330293.0 330885.6 442050.3 338308.8 331878.9 .. 329520.7
341113.0 324921.3 334231.2 329354.0 334157.4 338308.8 445384.6 332668.6 .. 333352.4
338482.0 323008.6 335093.0 326757.8 336341.1 331878.9 332668.6 445217.4 .. 331339.1
    ...  ...  ...
335289.5 323719.7 330004.9 323428.0 339526.5 329520.7 333352.4 331339.1 .. 442744.6
-----------------------

POP-C++: mainpopc has started with 1 tasks.
Initializing arrays...

Parameters are:
Matrix Size=1620, Blocs (lines=1, columns=1), Workers=1, Cores=4

POP-C++: Starting standard Matrix multiplication program...

Times (init, send and computing) = 0.0716, 0.116, 7.33 sec

...End of matrix multiplication

A[1620x1620]:
  13.7   16.9   11.9   19.7   28.4   14.9    8.0    9.4 ..    2.7
  16.4    4.7    1.0   25.9    6.0    1.7    2.3   20.7 ..   27.1
  27.7   12.6    5.9   14.3   13.6   24.7   27.3    4.3 ..   26.3
  13.6   13.3    4.6    9.3   28.3   15.4   13.7   20.6 ..    4.9
   9.0    7.7   14.0    8.4   22.3   22.7    9.4   15.7 ..    6.9
  18.9    0.6   18.9    0.0   17.0   26.6    6.7    2.0 ..    8.6
  10.6   11.7   27.9   25.9   26.1    5.0    9.7   18.3 ..    9.6
   5.4   24.9   27.0   10.0   22.0   18.3   14.7    8.1 ..   11.1
    ...  ...  ...
  27.6    6.4    2.9   14.1   23.1    4.6   19.0    3.3 ..   15.0
-----------------------
B[1620x1620]:
  13.7   16.4   27.7   13.6    9.0   18.9   10.6    5.4 ..   27.6
  16.9    4.7   12.6   13.3    7.7    0.6   11.7   24.9 ..    6.4
  11.9    1.0    5.9    4.6   14.0   18.9   27.9   27.0 ..    2.9
  19.7   25.9   14.3    9.3    8.4    0.0   25.9   10.0 ..   14.1
  28.4    6.0   13.6   28.3   22.3   17.0   26.1   22.0 ..   23.1
  14.9    1.7   24.7   15.4   22.7   26.6    5.0   18.3 ..    4.6
   8.0    2.3   27.3   13.7    9.4    6.7    9.7   14.7 ..   19.0
   9.4   20.7    4.3   20.6   15.7    2.0   18.3    8.1 ..    3.3
    ...  ...  ...
   2.7   27.1   26.3    4.9    6.9    8.6    9.6   11.1 ..   15.0
-----------------------
C[1620x1620]=A*B:
432938.3 322665.3 324357.9 328651.0 333281.0 327869.2 310267.4 326383.1 .. 318987.4
322665.3 431620.5 322581.7 334127.9 323839.2 325826.9 314468.2 328745.9 .. 320659.4
324357.9 322581.7 430757.2 329094.7 329269.4 326626.1 310007.0 329069.6 .. 323390.8
328651.0 334127.9 329094.7 445673.8 335044.6 332854.1 314335.7 337368.4 .. 328278.7
333281.0 323839.2 329269.4 335044.6 445608.4 340719.7 323272.4 337065.4 .. 325114.7
327869.2 325826.9 326626.1 332854.1 340719.7 446439.8 320206.4 333984.8 .. 324571.5
310267.4 314468.2 310007.0 314335.7 323272.4 320206.4 415229.8 319160.0 .. 305875.8
326383.1 328745.9 329069.6 337368.4 337065.4 333984.8 319160.0 445586.3 .. 323582.4
    ...  ...  ...
318987.4 320659.4 323390.8 328278.7 325114.7 324571.5 305875.8 323582.4 .. 425360.0
-----------------------

POP-C++: mainpopc has started with 1 tasks.
Initializing arrays...

Parameters are:
Matrix Size=1620, Blocs (lines=1, columns=1), Workers=1, Cores=4

POP-C++: Starting standard Matrix multiplication program...

Times (init, send and computing) = 0.0765, 0.103, 7.3 sec

...End of matrix multiplication

A[1620x1620]:
   9.3   19.3    1.4   21.9   12.4   25.0   20.7   13.9 ..   12.1
  21.0   10.0   18.3   10.9    6.6   22.3   19.7    8.3 ..   19.0
   7.1   28.0    1.6   13.0   17.7   24.1   21.9   23.3 ..   19.3
   6.3   16.7   13.1   22.3   10.3    9.7   14.1    8.0 ..   17.7
   6.9   27.4   10.7    6.4   26.9   11.7    2.7    6.4 ..   13.3
   8.7    0.1    5.4   21.7   27.3    5.6    4.1    7.7 ..    2.9
  20.7   19.4    1.7    6.4   20.6   21.1    0.6    9.7 ..   26.9
  23.7   19.1    1.7   17.9    4.9   15.9    5.1   19.1 ..   13.4
    ...  ...  ...
  12.1    6.1   11.9    9.9   19.7   17.6   19.0   22.6 ..   27.9
-----------------------
B[1620x1620]:
   3.9    6.7   18.7   21.6   22.0   13.4    4.3    6.9 ..   18.3
  11.1   14.7   13.1   14.1   11.6   22.6    6.7   19.3 ..    8.3
  20.1   16.0    7.6    8.1    4.4   21.1    4.4   26.1 ..    2.4
  16.4   16.9    2.4   15.7    8.4   19.9    8.1   10.9 ..   13.4
  25.0   14.1    7.9   24.0   27.0   27.6   27.4   19.6 ..    6.4
  23.0    2.1    5.7    8.1    0.6   22.9    3.7    8.6 ..    4.7
  28.4   21.4    8.6   22.4   26.0   16.9    0.1   20.3 ..   15.9
   9.0   26.6    1.4    2.0   24.6   24.1    9.9    5.6 ..   25.3
    ...  ...  ...
   7.7    1.9    6.0    9.9    0.9    8.7    7.0    2.6 ..    2.6
-----------------------
C[1620x1620]=A*B:
336882.4 338424.1 330437.5 329465.9 332325.4 329843.7 322926.7 330185.9 .. 332280.3
331602.3 340858.2 331161.4 329953.1 327301.1 330022.5 329625.8 327332.0 .. 331633.7
318612.1 322033.0 319856.2 315544.7 320091.8 312179.5 316265.6 316802.7 .. 316212.2
349103.5 349716.2 341977.5 341480.5 344609.2 341073.8 335097.6 338588.5 .. 343453.0
336770.3 343803.7 329935.2 327381.3 333056.0 331853.9 332349.4 330617.9 .. 330269.6
332202.8 342017.4 338471.6 336561.7 338206.1 332796.7 329232.5 329956.2 .. 326364.7
320578.0 327372.9 318276.3 320618.1 321220.4 317830.8 310870.3 318510.4 .. 320055.2
323271.2 322982.4 314677.8 314480.2 320650.6 318356.3 311674.2 314176.2 .. 317172.2
    ...  ...  ...
325595.7 329889.6 323415.8 323646.6 320146.8 320481.0 319398.4 320853.7 .. 323538.4
-----------------------

POP-C++: mainpopc has started with 1 tasks.
Initializing arrays...

Parameters are:
Matrix Size=1620, Blocs (lines=1, columns=1), Workers=1, Cores=4

POP-C++: Starting standard Matrix multiplication program...

Times (init, send and computing) = 0.0753, 0.121, 7.37 sec

...End of matrix multiplication

A[1620x1620]:
  27.6   19.7   10.7    1.3   18.7    5.3   17.6   15.3 ..    2.0
   7.6   13.6   12.0   10.9    8.3    3.9   25.7   11.9 ..   14.0
   9.6    6.0   14.3    8.6    1.1   23.7   22.6   26.7 ..   12.0
  19.4    4.3    0.9    1.0    0.6   10.3   27.1   26.1 ..   23.4
  27.6   12.6    8.9   23.3   22.7   10.0    1.1    3.1 ..    5.1
  27.4    3.9   27.1   19.9   20.9    5.1    0.7   23.7 ..    8.9
   5.7   27.7   21.4   28.4   19.1   12.1    2.4   27.3 ..    3.9
  18.1    7.3   18.4   22.0   18.4   20.4   21.6   13.3 ..    0.6
    ...  ...  ...
  21.6    5.4   13.6    9.4    5.3   20.1   21.0   22.7 ..    2.0
-----------------------
B[1620x1620]:
  27.6    7.6    9.6   19.4   27.6   27.4    5.7   18.1 ..   21.6
  19.7   13.6    6.0    4.3   12.6    3.9   27.7    7.3 ..    5.4
  10.7   12.0   14.3    0.9    8.9   27.1   21.4   18.4 ..   13.6
   1.3   10.9    8.6    1.0   23.3   19.9   28.4   22.0 ..    9.4
  18.7    8.3    1.1    0.6   22.7   20.9   19.1   18.4 ..    5.3
   5.3    3.9   23.7   10.3   10.0    5.1   12.1   20.4 ..   20.1
  17.6   25.7   22.6   27.1    1.1    0.7    2.4   21.6 ..   21.0
  15.3   11.9   26.7   26.1    3.1   23.7   27.3   13.3 ..   22.7
    ...  ...  ...
   2.0   14.0   12.0   23.4    5.1    8.9    3.9    0.6 ..    2.0
-----------------------
C[1620x1620]=A*B:
414054.0 324094.0 311118.3 320251.9 319501.1 319344.1 321035.6 316212.1 .. 321093.0
324094.0 450379.5 332781.6 336821.9 338084.0 330713.5 337356.3 328059.1 .. 338699.0
311118.3 332781.6 428548.2 327571.1 323563.6 326779.1 326870.7 319470.9 .. 325171.6
320251.9 336821.9 327571.1 444035.2 330604.3 326282.6 330179.2 326731.7 .. 334555.4
319501.1 338084.0 323563.6 330604.3 432297.6 328286.1 335372.2 326701.6 .. 330429.1
319344.1 330713.5 326779.1 326282.6 328286.1 435373.3 329998.9 319179.9 .. 335245.5
321035.6 337356.3 326870.7 330179.2 335372.2 329998.9 446649.8 327207.7 .. 335267.6
316212.1 328059.1 319470.9 326731.7 326701.6 319179.9 327207.7 428168.3 .. 328971.6
    ...  ...  ...
321093.0 338699.0 325171.6 334555.4 330429.1 335245.5 335267.6 328971.6 .. 438938.3
-----------------------

POP-C++: mainpopc has started with 1 tasks.
Initializing arrays...

Parameters are:
Matrix Size=1620, Blocs (lines=1, columns=1), Workers=1, Cores=4

POP-C++: Starting standard Matrix multiplication program...

Times (init, send and computing) = 0.0737, 0.122, 7.3 sec

...End of matrix multiplication

A[1620x1620]:
   8.9    9.4   27.9   15.7   27.9   23.0   17.1   27.7 ..   11.3
  22.7   13.3    1.4   25.1   18.9   26.0    3.9   17.4 ..   27.7
  24.7   23.4   23.4   25.7    5.9   24.6   26.0   10.3 ..    7.0
   2.0   24.7   24.7   24.9    7.6   13.1    3.0    5.3 ..   17.7
  16.6   18.4   10.3   19.7   19.0   15.0    6.6    0.7 ..   18.9
  20.4   22.9   16.1    0.4   13.3    1.6   23.7   20.3 ..   13.7
  19.1   14.0   19.6   14.1    2.9    4.0   17.0   21.4 ..    5.4
   6.0    4.1   25.0    6.4   17.4   24.7    1.9   13.7 ..   17.4
    ...  ...  ...
  24.9   13.9   23.6    3.6    8.7   27.6   11.9    8.0 ..   24.1
-----------------------
B[1620x1620]:
   8.9   22.7   24.7    2.0   16.6   20.4   19.1    6.0 ..   24.9
   9.4   13.3   23.4   24.7   18.4   22.9   14.0    4.1 ..   13.9
  27.9    1.4   23.4   24.7   10.3   16.1   19.6   25.0 ..   23.6
  15.7   25.1   25.7   24.9   19.7    0.4   14.1    6.4 ..    3.6
  27.9   18.9    5.9    7.6   19.0   13.3    2.9   17.4 ..    8.7
  23.0   26.0   24.6   13.1   15.0    1.6    4.0   24.7 ..   27.6
  17.1    3.9   26.0    3.0    6.6   23.7   17.0    1.9 ..   11.9
  27.7   17.4   10.3    5.3    0.7   20.3   21.4   13.7 ..    8.0
    ...  ...  ...
  11.3   27.7    7.0   17.7   18.9   13.7    5.4   17.4 ..   24.1
-----------------------
C[1620x1620]=A*B:
437294.4 325166.1 321787.8 329199.2 326296.9 327099.9 328916.0 316495.1 .. 327507.5
325166.1 428357.7 314293.8 323417.7 324015.0 318116.8 329397.4 313741.4 .. 325295.2
321787.8 314293.8 430020.8 325040.7 322036.9 321192.8 326048.6 312857.4 .. 325008.2
329199.2 323417.7 325040.7 438041.3 330083.7 328815.9 329391.5 316301.6 .. 331018.6
326296.9 324015.0 322036.9 330083.7 438583.2 327049.3 326444.1 316612.9 .. 329570.3
327099.9 318116.8 321192.8 328815.9 327049.3 435661.9 327985.2 316149.5 .. 324444.2
328916.0 329397.4 326048.6 329391.5 326444.1 327985.2 440347.1 317821.3 .. 329309.6
316495.1 313741.4 312857.4 316301.6 316612.9 316149.5 317821.3 418626.7 .. 318939.1
    ...  ...  ...
327507.5 325295.2 325008.2 331018.6 329570.3 324444.2 329309.6 318939.1 .. 438673.2
-----------------------

POP-C++: mainpopc has started with 1 tasks.
Initializing arrays...

Parameters are:
Matrix Size=2304, Blocs (lines=1, columns=1), Workers=1, Cores=4

POP-C++: Starting standard Matrix multiplication program...

Times (init, send and computing) = 0.0894, 0.223, 21.1 sec

...End of matrix multiplication

A[2304x2304]:
  11.1   14.3   25.3   21.9    4.1    1.6   15.3   24.1 ..   19.7
  17.9    9.3   26.0   21.9   17.9   25.9   15.6   18.6 ..   28.0
   7.1    9.1    0.7    6.6   15.4   13.4    9.4   28.3 ..   17.9
   8.6    5.0   12.7   19.1    4.1   14.6   11.4    4.7 ..    4.3
  15.3   26.6   21.3   23.4   13.0    2.3   22.7    7.9 ..   16.9
   7.9   16.3   15.7   18.4   15.1   19.6   23.6   16.3 ..   26.3
  16.4    3.0   15.4    2.1    3.0    4.9   19.7   14.7 ..   14.3
  14.9   13.9    9.6   28.3   12.6   18.3    3.3   15.4 ..    7.9
    ...  ...  ...
  11.6    9.7   20.1   15.6   13.0    4.3   10.4    8.1 ..    6.4
-----------------------
B[2304x2304]:
  11.1   17.9    7.1    8.6   15.3    7.9   16.4   14.9 ..   11.6
  14.3    9.3    9.1    5.0   26.6   16.3    3.0   13.9 ..    9.7
  25.3   26.0    0.7   12.7   21.3   15.7   15.4    9.6 ..   20.1
  21.9   21.9    6.6   19.1   23.4   18.4    2.1   28.3 ..   15.6
   4.1   17.9   15.4    4.1   13.0   15.1    3.0   12.6 ..   13.0
   1.6   25.9   13.4   14.6    2.3   19.6    4.9   18.3 ..    4.3
  15.3   15.6    9.4   11.4   22.7   23.6   19.7    3.3 ..   10.4
  24.1   18.6   28.3    4.7    7.9   16.3   14.7   15.4 ..    8.1
    ...  ...  ...
  19.7   28.0   17.9    4.3   16.9   26.3   14.3    7.9 ..    6.4
-----------------------
C[2304x2304]=A*B:
633065.2 463089.2 467912.0 468462.1 464095.8 457667.6 469095.8 469296.2 .. 480609.4
463089.2 617010.9 459374.7 464185.1 462430.9 459386.3 468042.8 467597.6 .. 471975.0
467912.0 459374.7 622333.0 461226.2 461981.4 457010.1 462905.1 467624.1 .. 473238.7
468462.1 464185.1 461226.2 617727.4 455261.9 460500.3 468981.2 472029.7 .. 477531.0
464095.8 462430.9 461981.4 455261.9 615208.0 459743.6 465715.1 462080.7 .. 475616.6
457667.6 459386.3 457010.1 460500.3 459743.6 605970.3 463797.6 461130.4 .. 466838.5
469095.8 468042.8 462905.1 468981.2 465715.1 463797.6 626933.5 471014.0 .. 478651.0
469296.2 467597.6 467624.1 472029.7 462080.7 461130.4 471014.0 629289.2 .. 481987.1
    ...  ...  ...
480609.4 471975.0 473238.7 477531.0 475616.6 466838.5 478651.0 481987.1 .. 638337.0
-----------------------

POP-C++: mainpopc has started with 1 tasks.
Initializing arrays...

Parameters are:
Matrix Size=2304, Blocs (lines=1, columns=1), Workers=1, Cores=4

POP-C++: Starting standard Matrix multiplication program...

Times (init, send and computing) = 0.0779, 0.235, 21.4 sec

...End of matrix multiplication

A[2304x2304]:
   0.1    3.0   11.0   21.3   18.1    0.7   27.0   17.9 ..   11.3
  12.6    2.7   12.1   22.1   21.7   12.4    6.9    3.0 ..   21.7
   2.1   16.3   24.0    0.0   11.0    2.6   26.3   14.1 ..   15.3
  16.1   21.7   25.1   13.9   24.1   19.3    3.4   25.7 ..   25.1
   3.1   23.9   21.7   18.4   25.1    4.6   28.4   10.6 ..   11.6
  22.1    9.9   20.9   27.0   15.9   16.9   28.3    4.1 ..   19.1
  26.3   24.0    7.1   22.6   22.6    3.9   22.3   22.1 ..   15.0
   7.7    5.1   23.4    0.7   10.3   28.1    9.0   24.7 ..   12.6
    ...  ...  ...
  21.3   13.9   14.4   27.7   17.9    4.9   12.0    2.7 ..   14.0
-----------------------
B[2304x2304]:
   0.1   12.6    2.1   16.1    3.1   22.1   26.3    7.7 ..   21.3
   3.0    2.7   16.3   21.7   23.9    9.9   24.0    5.1 ..   13.9
  11.0   12.1   24.0   25.1   21.7   20.9    7.1   23.4 ..   14.4
  21.3   22.1    0.0   13.9   18.4   27.0   22.6    0.7 ..   27.7
  18.1   21.7   11.0   24.1   25.1   15.9   22.6   10.3 ..   17.9
   0.7   12.4    2.6   19.3    4.6   16.9    3.9   28.1 ..    4.9
  27.0    6.9   26.3    3.4   28.4   28.3   22.3    9.0 ..   12.0
  17.9    3.0   14.1   25.7   10.6    4.1   22.1   24.7 ..    2.7
    ...  ...  ...
  11.3   21.7   15.3   25.1   11.6   19.1   15.0   12.6 ..   14.0
-----------------------
C[2304x2304]=A*B:
630456.6 463000.7 465388.0 466003.6 459876.5 476511.0 469133.7 454674.2 .. 462631.9
463000.7 609554.2 466052.2 454080.9 450093.3 462997.8 462071.4 451736.4 .. 452318.6
465388.0 466052.2 631701.7 467209.7 458666.6 473122.8 468591.8 467022.8 .. 462945.0
466003.6 454080.9 467209.7 620495.0 459014.2 471522.2 467284.0 451478.8 .. 454673.7
459876.5 450093.3 458666.6 459014.2 608162.2 467651.7 462844.1 453596.0 .. 455691.8
476511.0 462997.8 473122.8 471522.2 467651.7 630994.9 474813.8 464180.8 .. 464626.4
469133.7 462071.4 468591.8 467284.0 462844.1 474813.8 629240.2 460152.4 .. 462529.5
454674.2 451736.4 467022.8 451478.8 453596.0 464180.8 460152.4 602569.8 .. 448149.0
    ...  ...  ...
462631.9 452318.6 462945.0 454673.7 455691.8 464626.4 462529.5 448149.0 .. 610531.3
-----------------------

POP-C++: mainpopc has started with 1 tasks.
Initializing arrays...

Parameters are:
Matrix Size=2304, Blocs (lines=1, columns=1), Workers=1, Cores=4

POP-C++: Starting standard Matrix multiplication program...

Times (init, send and computing) = 0.0787, 0.231, 21.4 sec

...End of matrix multiplication

A[2304x2304]:
   8.7   26.7    8.4   20.9    5.9   16.7   24.6   25.6 ..   13.1
  19.9    9.9   26.7    2.1    7.6   23.4   13.6   25.9 ..   13.9
  25.7    3.0   19.3   11.6   11.4   24.9   15.4    9.9 ..    5.4
  18.9   13.6    2.1   25.9    0.1   10.9   26.0   18.3 ..   15.6
  20.9   23.6   15.1   13.0    6.7    4.4    4.1    1.4 ..   16.4
  25.4   25.3   20.4    2.3   15.0    3.7   20.0   20.4 ..    8.9
   9.7   16.3   26.1   16.3   19.9   28.4   12.0    8.6 ..    7.6
  26.4   14.0   25.3   25.7   11.0   26.6   23.6    8.1 ..    5.7
    ...  ...  ...
   9.6    8.7   24.1    4.7   14.1   14.0   16.9    1.4 ..   18.7
-----------------------
B[2304x2304]:
  26.1    2.6   11.1   18.9   16.7   23.7   12.6   22.1 ..    4.4
